Date,Open,High,Low,Close,Adj Close,Volume
2000-01-03 00:00:00+00:00,28.9375,28.9375,27.21875,27.453125,11.592999458312988,176700.0
2000-01-04 00:00:00+00:00,27.46875,27.46875,26.625,26.625,11.24329948425293,93500.0
2000-01-05 00:00:00+00:00,27.21875,27.421875,26.859375,27.296875,11.527021408081055,273400.0
2000-01-06 00:00:00+00:00,27.25,27.25,26.9375,27.25,11.507222175598145,34500.0
2000-01-07 00:00:00+00:00,27.296875,27.484375,27.171875,27.484375,11.606201171875,46200.0
2000-01-10 00:00:00+00:00,27.46875,27.65625,27.421875,27.578125,11.645788192749023,15500.0
2000-01-11 00:00:00+00:00,27.453125,27.453125,27.078125,27.28125,11.520421028137207,25700.0
2000-01-12 00:00:00+00:00,26.859375,27.21875,26.859375,27.0,11.401655197143555,36700.0
2000-01-13 00:00:00+00:00,27.25,27.25,26.734375,26.75,11.296086311340332,139600.0
2000-01-14 00:00:00+00:00,26.78125,26.96875,26.65625,26.96875,11.388458251953125,45700.0
2000-01-17 00:00:00+00:00,,,,,,
2000-01-18 00:00:00+00:00,26.9375,27.28125,26.859375,26.859375,11.342267990112305,46000.0
2000-01-19 00:00:00+00:00,26.78125,27.046875,26.78125,26.875,11.348871231079102,26000.0
2000-01-20 00:00:00+00:00,26.921875,27.15625,26.859375,27.0,11.401655197143555,112500.0
2000-01-21 00:00:00+00:00,27.5625,27.90625,27.375,27.875,11.771153450012207,201100.0
2000-01-24 00:00:00+00:00,27.9375,27.9375,27.5,27.5,11.612797737121582,64300.0
2000-01-25 00:00:00+00:00,27.15625,27.46875,26.625,26.859375,11.342267990112305,56900.0
2000-01-26 00:00:00+00:00,26.796875,26.953125,26.65625,26.734375,11.289487838745117,31400.0
2000-01-27 00:00:00+00:00,26.8125,26.9375,26.5625,26.5625,11.21690845489502,18700.0
2000-01-28 00:00:00+00:00,26.53125,26.625,26.234375,26.421875,11.15752124786377,28400.0
2000-01-31 00:00:00+00:00,26.265625,27.640625,26.234375,27.640625,11.672182083129883,414800.0
2000-02-01 00:00:00+00:00,27.59375,27.59375,27.3125,27.4375,11.586402893066406,23200.0
2000-02-02 00:00:00+00:00,27.5,27.546875,27.296875,27.296875,11.527021408081055,14500.0
2000-02-03 00:00:00+00:00,27.328125,27.609375,27.1875,27.25,11.507222175598145,96100.0
2000-02-04 00:00:00+00:00,27.5,27.5,27.109375,27.109375,11.447848320007324,19300.0
2000-02-07 00:00:00+00:00,26.984375,27.125,26.90625,27.03125,11.41485595703125,23000.0
2000-02-08 00:00:00+00:00,27.359375,27.5,27.09375,27.09375,11.441241264343262,32600.0
2000-02-09 00:00:00+00:00,27.15625,27.25,26.96875,27.09375,11.441241264343262,16300.0
2000-02-10 00:00:00+00:00,26.78125,27.046875,26.6875,26.703125,11.276286125183105,83200.0
2000-02-11 00:00:00+00:00,26.71875,26.71875,26.109375,26.234375,11.078341484069824,92500.0
2000-02-14 00:00:00+00:00,26.234375,26.421875,26.125,26.265625,11.091540336608887,11600.0
2000-02-15 00:00:00+00:00,26.21875,26.3125,26.09375,26.203125,11.065152168273926,26100.0
2000-02-16 00:00:00+00:00,26.140625,26.265625,25.953125,26.09375,11.018961906433105,154000.0
2000-02-17 00:00:00+00:00,26.078125,26.078125,25.875,25.9375,10.95297622680664,10700.0
2000-02-18 00:00:00+00:00,25.6875,25.6875,24.96875,24.984375,10.550492286682129,14900.0
2000-02-21 00:00:00+00:00,,,,,,
2000-02-22 00:00:00+00:00,25.0625,25.078125,24.765625,24.890625,10.510895729064941,32000.0
2000-02-23 00:00:00+00:00,24.9375,24.9375,24.265625,24.375,10.293159484863281,51900.0
2000-02-24 00:00:00+00:00,24.546875,25.5,23.375,23.5625,9.950052261352539,104700.0
2000-02-25 00:00:00+00:00,23.640625,23.9375,23.4375,23.4375,9.897268295288086,7400.0
2000-02-28 00:00:00+00:00,23.515625,24.328125,23.375,24.109375,10.180992126464844,195500.0
2000-02-29 00:00:00+00:00,24.140625,24.3125,24.03125,24.28125,10.25357437133789,9100.0
2000-03-01 00:00:00+00:00,25.15625,25.421875,25.140625,25.34375,10.702245712280273,46100.0
2000-03-02 00:00:00+00:00,25.59375,26.125,25.59375,26.0,10.97936725616455,105600.0
2000-03-03 00:00:00+00:00,26.515625,26.609375,26.234375,26.234375,11.078341484069824,45600.0
2000-03-06 00:00:00+00:00,25.90625,25.90625,25.5,25.5,10.768226623535156,79200.0
2000-03-07 00:00:00+00:00,25.90625,26.046875,25.046875,25.203125,10.642865180969238,81900.0
2000-03-08 00:00:00+00:00,24.921875,25.921875,24.921875,25.375,10.715441703796387,24900.0
2000-03-09 00:00:00+00:00,25.140625,25.671875,25.140625,25.578125,10.801226615905762,156700.0
2000-03-10 00:00:00+00:00,25.546875,25.859375,25.375,25.578125,10.801226615905762,22600.0
2000-03-13 00:00:00+00:00,25.15625,25.75,25.15625,25.65625,10.834206581115723,186200.0
2000-03-14 00:00:00+00:00,25.421875,25.625,25.25,25.484375,10.761634826660156,170000.0
2000-03-15 00:00:00+00:00,25.25,25.953125,25.21875,25.625,10.821020126342773,213500.0
2000-03-16 00:00:00+00:00,26.09375,27.09375,26.046875,26.625,11.24329948425293,53000.0
2000-03-17 00:00:00+00:00,26.65625,27.09375,26.5625,26.640625,11.333755493164062,62800.0
2000-03-20 00:00:00+00:00,26.75,26.8125,26.375,26.53125,11.287221908569336,61300.0
2000-03-21 00:00:00+00:00,26.3125,26.59375,26.203125,26.359375,11.214104652404785,89700.0
2000-03-22 00:00:00+00:00,26.125,26.3125,25.65625,25.75,10.95485782623291,48500.0
2000-03-23 00:00:00+00:00,25.9375,26.28125,25.703125,26.1875,11.140982627868652,7100.0
2000-03-24 00:00:00+00:00,26.390625,26.390625,25.875,25.9375,11.034624099731445,24300.0
2000-03-27 00:00:00+00:00,26.09375,26.34375,26.09375,26.296875,11.187507629394531,33000.0
2000-03-28 00:00:00+00:00,26.34375,26.359375,26.078125,26.171875,11.134334564208984,17600.0
2000-03-29 00:00:00+00:00,26.5,26.796875,26.375,26.640625,11.333755493164062,12900.0
2000-03-30 00:00:00+00:00,26.625,26.859375,26.546875,26.578125,11.307164192199707,33600.0
2000-03-31 00:00:00+00:00,26.78125,26.8125,26.34375,26.734375,11.37364387512207,59400.0
2000-04-03 00:00:00+00:00,26.640625,26.96875,26.421875,26.90625,11.446762084960938,80900.0
2000-04-04 00:00:00+00:00,27.546875,28.0625,27.03125,27.28125,11.606297492980957,64500.0
2000-04-05 00:00:00+00:00,27.9375,28.140625,27.640625,27.640625,11.759188652038574,11000.0
2000-04-06 00:00:00+00:00,27.890625,28.0,27.65625,27.8125,11.832306861877441,129200.0
2000-04-07 00:00:00+00:00,27.921875,27.921875,27.515625,27.734375,11.799068450927734,169700.0
2000-04-10 00:00:00+00:00,27.546875,28.0,27.5,27.671875,11.77248477935791,26600.0
2000-04-11 00:00:00+00:00,27.90625,28.515625,27.90625,28.390625,12.07826042175293,28300.0
2000-04-12 00:00:00+00:00,28.65625,29.0,28.53125,28.640625,12.184623718261719,76000.0
2000-04-13 00:00:00+00:00,28.65625,28.71875,28.453125,28.671875,12.197916984558105,25000.0
2000-04-14 00:00:00+00:00,28.703125,28.734375,27.359375,27.625,11.752538681030273,138300.0
2000-04-17 00:00:00+00:00,27.671875,27.671875,26.0,27.203125,11.573058128356934,117800.0
2000-04-18 00:00:00+00:00,27.25,27.59375,27.25,27.28125,11.606297492980957,47600.0
2000-04-19 00:00:00+00:00,27.390625,27.53125,27.28125,27.53125,11.712656021118164,7200.0
2000-04-20 00:00:00+00:00,27.734375,27.75,27.625,27.625,11.752538681030273,8000.0
2000-04-21 00:00:00+00:00,,,,,,
2000-04-24 00:00:00+00:00,27.78125,28.453125,27.78125,28.375,12.071613311767578,16700.0
2000-04-25 00:00:00+00:00,28.59375,29.3125,28.390625,29.21875,12.430574417114258,18300.0
2000-04-26 00:00:00+00:00,29.234375,29.375,29.046875,29.15625,12.403982162475586,23400.0
2000-04-27 00:00:00+00:00,28.875,29.09375,28.5,28.5,12.124788284301758,11100.0
2000-04-28 00:00:00+00:00,28.5,28.65625,28.3125,28.484375,12.118142127990723,9700.0
2000-05-01 00:00:00+00:00,28.234375,28.578125,28.234375,28.484375,12.118142127990723,27500.0
2000-05-02 00:00:00+00:00,28.296875,28.4375,27.375,27.453125,11.679420471191406,24200.0
2000-05-03 00:00:00+00:00,27.5,28.5,27.359375,27.546875,11.719305038452148,183600.0
2000-05-04 00:00:00+00:00,27.1875,27.609375,27.078125,27.5,11.699360847473145,28000.0
2000-05-05 00:00:00+00:00,27.328125,27.5625,27.3125,27.5625,11.725944519042969,14900.0
2000-05-08 00:00:00+00:00,27.25,28.0625,27.25,27.75,11.805716514587402,32300.0
2000-05-09 00:00:00+00:00,27.59375,27.78125,27.5,27.65625,11.765836715698242,10300.0
2000-05-10 00:00:00+00:00,27.78125,28.359375,27.71875,28.1875,11.991846084594727,38200.0
2000-05-11 00:00:00+00:00,28.265625,28.65625,28.265625,28.609375,12.171323776245117,47900.0
2000-05-12 00:00:00+00:00,28.546875,28.546875,28.0625,28.15625,11.978546142578125,12000.0
2000-05-15 00:00:00+00:00,28.03125,28.859375,28.03125,28.703125,12.21120834350586,919300.0
2000-05-16 00:00:00+00:00,28.625,28.8125,28.34375,28.578125,12.158027648925781,906400.0
2000-05-17 00:00:00+00:00,28.34375,28.34375,28.015625,28.140625,11.971900939941406,6600.0
2000-05-18 00:00:00+00:00,28.375,28.65625,28.234375,28.375,12.071613311767578,12000.0
2000-05-19 00:00:00+00:00,27.8125,28.0,27.515625,27.84375,11.84560489654541,7400.0
2000-05-22 00:00:00+00:00,28.03125,28.078125,27.734375,28.03125,11.925374031066895,14800.0
2000-05-23 00:00:00+00:00,27.96875,27.96875,27.515625,27.515625,11.706005096435547,15100.0
2000-05-24 00:00:00+00:00,27.828125,28.171875,27.796875,27.984375,11.905426025390625,14700.0
2000-05-25 00:00:00+00:00,28.0625,28.0625,27.515625,27.515625,11.706005096435547,25000.0
2000-05-26 00:00:00+00:00,27.96875,28.21875,27.71875,28.0625,11.9386625289917,114600.0
2000-05-29 00:00:00+00:00,,,,,,
2000-05-30 00:00:00+00:00,28.28125,28.28125,27.9375,28.265625,12.025080680847168,28400.0
2000-05-31 00:00:00+00:00,28.125,28.46875,28.125,28.421875,12.091559410095215,9300.0
2000-06-01 00:00:00+00:00,28.328125,28.625,28.265625,28.625,12.177974700927734,6800.0
2000-06-02 00:00:00+00:00,28.515625,28.6875,28.390625,28.53125,12.138083457946777,50800.0
2000-06-05 00:00:00+00:00,28.15625,28.15625,27.875,27.875,11.858894348144531,16800.0
2000-06-06 00:00:00+00:00,28.0625,28.609375,28.0625,28.53125,12.138083457946777,46200.0
2000-06-07 00:00:00+00:00,28.3125,28.734375,28.3125,28.640625,12.184623718261719,32400.0
2000-06-08 00:00:00+00:00,28.625,28.859375,28.5,28.8125,12.257736206054688,8100.0
2000-06-09 00:00:00+00:00,28.828125,29.21875,28.828125,29.171875,12.410630226135254,134300.0
2000-06-12 00:00:00+00:00,29.28125,29.28125,28.96875,29.046875,12.357449531555176,44800.0
2000-06-13 00:00:00+00:00,29.21875,29.765625,29.21875,29.671875,12.623347282409668,31200.0
2000-06-14 00:00:00+00:00,29.84375,29.84375,29.359375,29.546875,12.57016658782959,37800.0
2000-06-15 00:00:00+00:00,29.546875,29.90625,29.390625,29.390625,12.50368595123291,227100.0
2000-06-16 00:00:00+00:00,29.15625,29.5,28.84375,28.84375,12.364004135131836,236000.0
2000-06-19 00:00:00+00:00,29.25,29.515625,29.171875,29.3125,12.564933776855469,91800.0
2000-06-20 00:00:00+00:00,29.078125,29.140625,28.796875,29.0,12.430983543395996,240200.0
2000-06-21 00:00:00+00:00,28.8125,29.34375,28.8125,29.09375,12.47116756439209,175800.0
2000-06-22 00:00:00+00:00,28.953125,29.046875,28.90625,28.90625,12.390798568725586,15400.0
2000-06-23 00:00:00+00:00,28.96875,29.21875,28.96875,29.0,12.430983543395996,39200.0
2000-06-26 00:00:00+00:00,29.21875,29.25,28.90625,28.90625,12.390798568725586,14300.0
2000-06-27 00:00:00+00:00,28.8125,28.96875,28.125,28.125,12.055907249450684,3486300.0
2000-06-28 00:00:00+00:00,28.109375,28.359375,27.609375,28.359375,12.1563720703125,1770500.0
2000-06-29 00:00:00+00:00,27.859375,28.03125,27.625,27.90625,11.962139129638672,11500.0
2000-06-30 00:00:00+00:00,27.84375,28.21875,27.15625,27.25,11.680834770202637,4043900.0
2000-07-03 00:00:00+00:00,27.90625,28.125,27.8125,28.0625,12.0291166305542,255100.0
2000-07-04 00:00:00+00:00,,,,,,
2000-07-05 00:00:00+00:00,27.234375,28.8125,27.234375,28.3125,12.136285781860352,2175000.0
2000-07-06 00:00:00+00:00,28.328125,28.625,28.3125,28.34375,12.14968490600586,366400.0
2000-07-07 00:00:00+00:00,28.25,28.734375,28.25,28.640625,12.276936531066895,38000.0
2000-07-10 00:00:00+00:00,28.875,29.015625,28.59375,28.640625,12.276936531066895,68100.0
2000-07-11 00:00:00+00:00,28.625,28.625,28.375,28.375,12.163073539733887,6800.0
2000-07-12 00:00:00+00:00,28.53125,28.625,28.453125,28.5,12.21665096282959,6100.0
2000-07-13 00:00:00+00:00,28.5625,28.625,28.34375,28.625,12.270238876342773,5200.0
2000-07-14 00:00:00+00:00,28.5625,28.5625,28.015625,28.234375,12.102787017822266,62000.0
2000-07-17 00:00:00+00:00,28.078125,28.25,27.890625,28.0,12.00232219696045,149200.0
2000-07-18 00:00:00+00:00,28.0625,28.25,27.828125,27.890625,11.95544719696045,172300.0
2000-07-19 00:00:00+00:00,28.3125,28.359375,27.953125,28.171875,12.076001167297363,171000.0
2000-07-20 00:00:00+00:00,28.078125,28.109375,27.5,27.71875,11.881767272949219,92600.0
2000-07-21 00:00:00+00:00,27.953125,28.25,27.734375,28.0,12.00232219696045,11800.0
2000-07-24 00:00:00+00:00,27.875,28.125,27.765625,27.90625,11.962139129638672,87400.0
2000-07-25 00:00:00+00:00,28.3125,28.34375,28.078125,28.140625,12.062604904174805,133100.0
2000-07-26 00:00:00+00:00,28.28125,28.28125,27.875,27.875,11.948741912841797,4900.0
2000-07-27 00:00:00+00:00,28.0625,28.0625,27.734375,27.765625,11.901865005493164,4400.0
2000-07-28 00:00:00+00:00,27.9375,27.9375,27.59375,27.59375,11.828186988830566,11500.0
2000-07-31 00:00:00+00:00,27.875,27.96875,27.671875,27.671875,11.861677169799805,54000.0
2000-08-01 00:00:00+00:00,27.859375,28.3125,27.8125,28.28125,12.12289047241211,9500.0
2000-08-02 00:00:00+00:00,28.34375,28.75,28.34375,28.75,12.323819160461426,29700.0
2000-08-03 00:00:00+00:00,28.75,29.046875,28.75,28.796875,12.343905448913574,59500.0
2000-08-04 00:00:00+00:00,28.46875,28.8125,28.234375,28.640625,12.276936531066895,17600.0
2000-08-07 00:00:00+00:00,28.5625,29.3125,28.5625,29.203125,12.518054008483887,36900.0
2000-08-08 00:00:00+00:00,28.65625,28.65625,28.375,28.4375,12.189866065979004,53600.0
2000-08-09 00:00:00+00:00,28.375,28.4375,27.875,27.984375,11.99562931060791,75400.0
2000-08-10 00:00:00+00:00,28.0,28.0625,27.78125,27.984375,11.99562931060791,4600.0
2000-08-11 00:00:00+00:00,28.109375,28.59375,28.109375,28.296875,12.129579544067383,11900.0
2000-08-14 00:00:00+00:00,27.96875,28.5625,27.96875,28.46875,12.203261375427246,12500.0
2000-08-15 00:00:00+00:00,28.46875,28.75,28.34375,28.65625,12.283632278442383,7100.0
2000-08-16 00:00:00+00:00,28.5,28.53125,28.1875,28.25,12.109489440917969,16900.0
2000-08-17 00:00:00+00:00,28.1875,28.28125,27.875,27.875,11.948741912841797,12500.0
2000-08-18 00:00:00+00:00,27.8125,28.25,27.8125,28.03125,12.015722274780273,10400.0
2000-08-21 00:00:00+00:00,28.203125,28.25,28.0625,28.21875,12.096090316772461,5600.0
2000-08-22 00:00:00+00:00,28.25,28.25,27.875,27.875,11.948741912841797,12200.0
2000-08-23 00:00:00+00:00,27.875,28.125,27.78125,28.09375,12.042515754699707,98700.0
2000-08-24 00:00:00+00:00,28.1875,28.1875,27.875,28.03125,12.015722274780273,11200.0
2000-08-25 00:00:00+00:00,27.921875,28.09375,27.90625,28.0,12.00232219696045,159900.0
2000-08-28 00:00:00+00:00,28.125,28.703125,28.125,28.5,12.21665096282959,11900.0
2000-08-29 00:00:00+00:00,28.4375,28.4375,28.21875,28.25,12.109489440917969,10400.0
2000-08-30 00:00:00+00:00,28.25,28.59375,28.25,28.53125,12.230042457580566,7300.0
2000-08-31 00:00:00+00:00,28.75,29.03125,28.75,28.75,12.323819160461426,6000.0
2000-09-01 00:00:00+00:00,28.984375,29.09375,28.78125,29.09375,12.47116756439209,242300.0
2000-09-04 00:00:00+00:00,,,,,,
2000-09-05 00:00:00+00:00,29.25,29.375,29.125,29.203125,12.518054008483887,156400.0
2000-09-06 00:00:00+00:00,29.515625,29.625,29.40625,29.5625,12.672101020812988,136900.0
2000-09-07 00:00:00+00:00,29.59375,29.75,29.4375,29.5625,12.672101020812988,35200.0
2000-09-08 00:00:00+00:00,29.75,30.5625,29.71875,30.5,13.073958396911621,960400.0
2000-09-11 00:00:00+00:00,30.6875,31.359375,30.6875,31.203125,13.375364303588867,563900.0
2000-09-12 00:00:00+00:00,31.15625,31.25,30.8125,31.125,13.341872215270996,690300.0
2000-09-13 00:00:00+00:00,31.125,31.3125,30.875,30.90625,13.2481050491333,101900.0
2000-09-14 00:00:00+00:00,30.875,30.875,30.34375,30.5,13.073958396911621,60500.0
2000-09-15 00:00:00+00:00,30.3125,30.71875,30.3125,30.53125,13.195956230163574,54200.0
2000-09-18 00:00:00+00:00,30.5,30.5625,30.3125,30.34375,13.114914894104004,61200.0
2000-09-19 00:00:00+00:00,30.4375,30.4375,29.84375,29.84375,12.898815155029297,50200.0
2000-09-20 00:00:00+00:00,29.75,29.75,29.1875,29.3125,12.669205665588379,96300.0
2000-09-21 00:00:00+00:00,29.5,29.53125,29.15625,29.53125,12.763747215270996,146900.0
2000-09-22 00:00:00+00:00,29.84375,30.28125,29.78125,30.28125,13.087900161743164,25300.0
2000-09-25 00:00:00+00:00,30.3125,30.5,30.25,30.5,13.18244743347168,57000.0
2000-09-26 00:00:00+00:00,30.625,31.125,30.625,30.9375,13.371541976928711,16700.0
2000-09-27 00:00:00+00:00,30.8125,31.046875,30.5625,30.8125,13.317512512207031,51800.0
2000-09-28 00:00:00+00:00,31.0,31.828125,30.953125,31.8125,13.749724388122559,112500.0
2000-09-29 00:00:00+00:00,31.875,32.5625,31.84375,32.28125,13.952325820922852,59400.0
2000-10-02 00:00:00+00:00,31.984375,32.46875,31.8125,32.46875,14.03336238861084,22700.0
2000-10-03 00:00:00+00:00,32.234375,32.8125,32.0625,32.0625,13.857778549194336,91700.0
2000-10-04 00:00:00+00:00,32.28125,32.5625,31.78125,32.0625,13.857778549194336,58500.0
2000-10-05 00:00:00+00:00,32.546875,32.546875,32.25,32.34375,13.979340553283691,199200.0
2000-10-06 00:00:00+00:00,32.25,32.5625,32.078125,32.1875,13.911802291870117,20400.0
2000-10-09 00:00:00+00:00,32.453125,32.625,32.125,32.1875,13.911802291870117,40400.0
2000-10-10 00:00:00+00:00,32.46875,32.671875,32.0625,32.125,13.884794235229492,14900.0
2000-10-11 00:00:00+00:00,32.3125,32.3125,31.34375,31.625,13.668683052062988,40900.0
2000-10-12 00:00:00+00:00,31.3125,31.765625,30.8125,31.1875,13.479595184326172,62500.0
2000-10-13 00:00:00+00:00,31.3125,31.65625,31.28125,31.65625,13.682197570800781,58400.0
2000-10-16 00:00:00+00:00,31.84375,32.0625,31.78125,31.84375,13.763232231140137,78700.0
2000-10-17 00:00:00+00:00,32.125,32.40625,32.03125,32.265625,13.945568084716797,34100.0
2000-10-18 00:00:00+00:00,32.09375,32.234375,31.8125,32.0,13.830767631530762,135000.0
2000-10-19 00:00:00+00:00,31.625,32.109375,31.625,31.84375,13.763232231140137,38500.0
2000-10-20 00:00:00+00:00,31.625,31.828125,30.921875,31.671875,13.688952445983887,81100.0
2000-10-23 00:00:00+00:00,31.765625,32.46875,31.765625,32.34375,13.979340553283691,24400.0
2000-10-24 00:00:00+00:00,32.6875,32.6875,32.0625,32.203125,13.918560981750488,11000.0
2000-10-25 00:00:00+00:00,32.28125,32.546875,31.9375,32.0,13.830767631530762,76500.0
2000-10-26 00:00:00+00:00,32.0,32.09375,31.71875,31.890625,13.783492088317871,29600.0
2000-10-27 00:00:00+00:00,32.09375,32.625,31.9375,32.625,14.100902557373047,27300.0
2000-10-30 00:00:00+00:00,33.28125,33.953125,33.28125,33.890625,14.647916793823242,52200.0
2000-10-31 00:00:00+00:00,33.8125,34.15625,33.75,34.15625,14.762717247009277,27100.0
2000-11-01 00:00:00+00:00,34.28125,34.375,33.78125,33.953125,14.6749267578125,40300.0
2000-11-02 00:00:00+00:00,34.03125,34.03125,33.5,33.96875,14.681683540344238,5900.0
2000-11-03 00:00:00+00:00,33.828125,34.15625,33.703125,33.8125,14.61414909362793,9800.0
2000-11-06 00:00:00+00:00,34.0,34.0625,33.65625,33.65625,14.546611785888672,13300.0
2000-11-07 00:00:00+00:00,33.71875,33.71875,33.4375,33.703125,14.566878318786621,14400.0
2000-11-08 00:00:00+00:00,33.75,33.875,33.484375,33.875,14.641164779663086,18600.0
2000-11-09 00:00:00+00:00,33.9375,34.15625,33.59375,34.0625,14.722203254699707,12700.0
2000-11-10 00:00:00+00:00,34.3125,34.40625,34.03125,34.125,14.74921703338623,12900.0
2000-11-13 00:00:00+00:00,34.3125,34.546875,34.09375,34.28125,14.816749572753906,25600.0
2000-11-14 00:00:00+00:00,33.90625,34.0625,33.578125,33.6875,14.560125350952148,16300.0
2000-11-15 00:00:00+00:00,33.65625,33.96875,33.359375,33.65625,14.546611785888672,19700.0
2000-11-16 00:00:00+00:00,34.09375,34.234375,33.9375,34.046875,14.715450286865234,21000.0
2000-11-17 00:00:00+00:00,33.59375,33.75,33.34375,33.53125,14.49258804321289,8800.0
2000-11-20 00:00:00+00:00,33.9375,33.96875,33.8125,33.859375,14.634407043457031,11300.0
2000-11-21 00:00:00+00:00,33.5625,33.8125,33.453125,33.53125,14.49258804321289,4800.0
2000-11-22 00:00:00+00:00,33.78125,33.96875,33.671875,33.78125,14.600641250610352,25300.0
2000-11-23 00:00:00+00:00,,,,,,
2000-11-24 00:00:00+00:00,33.9375,33.9375,33.6875,33.71875,14.573636054992676,6700.0
2000-11-27 00:00:00+00:00,33.5,33.6875,33.46875,33.484375,14.472329139709473,35300.0
2000-11-28 00:00:00+00:00,33.53125,34.046875,33.53125,33.96875,14.681683540344238,101400.0
2000-11-29 00:00:00+00:00,33.96875,34.25,33.96875,34.1875,14.776229858398438,41300.0
2000-11-30 00:00:00+00:00,34.296875,34.375,33.6875,34.140625,14.755966186523438,22200.0
2000-12-01 00:00:00+00:00,34.0,34.078125,33.296875,33.484375,14.472329139709473,13500.0
2000-12-04 00:00:00+00:00,33.59375,34.1875,33.59375,33.84375,14.627655029296875,20000.0
2000-12-05 00:00:00+00:00,33.9375,34.0625,33.765625,34.0625,14.722203254699707,23300.0
2000-12-06 00:00:00+00:00,34.25,34.296875,33.9375,34.1875,14.776229858398438,45300.0
2000-12-07 00:00:00+00:00,34.375,34.421875,34.125,34.171875,14.7694730758667,20100.0
2000-12-08 00:00:00+00:00,33.734375,33.90625,33.34375,33.34375,14.411548614501953,44200.0
2000-12-11 00:00:00+00:00,33.21875,33.46875,33.0625,33.4375,14.452073097229004,18600.0
2000-12-12 00:00:00+00:00,33.5625,33.875,33.421875,33.53125,14.49258804321289,17200.0
2000-12-13 00:00:00+00:00,33.9375,34.40625,33.875,34.359375,14.850512504577637,33500.0
2000-12-14 00:00:00+00:00,34.234375,34.34375,33.859375,34.15625,14.762717247009277,30800.0
2000-12-15 00:00:00+00:00,33.953125,33.984375,33.53125,33.625,14.63508415222168,28800.0
2000-12-18 00:00:00+00:00,33.59375,33.59375,33.203125,33.3125,14.609429359436035,12800.0
2000-12-19 00:00:00+00:00,32.4375,33.125,32.0625,32.15625,14.102346420288086,25600.0
2000-12-20 00:00:00+00:00,32.09375,32.3125,31.71875,31.859375,13.972147941589355,24700.0
2000-12-21 00:00:00+00:00,31.609375,31.875,31.40625,31.671875,13.889923095703125,33400.0
2000-12-22 00:00:00+00:00,31.84375,32.171875,31.609375,32.171875,14.10920238494873,39300.0
2000-12-25 00:00:00+00:00,,,,,,
2000-12-26 00:00:00+00:00,32.3125,33.15625,32.3125,33.078125,14.506640434265137,7500.0
2000-12-27 00:00:00+00:00,33.03125,33.34375,32.875,33.078125,14.506640434265137,17800.0
2000-12-28 00:00:00+00:00,33.15625,33.21875,32.8125,32.8125,14.390151023864746,12200.0
2000-12-29 00:00:00+00:00,32.765625,33.40625,32.71875,33.1875,14.554612159729004,18600.0
2001-01-01 00:00:00+00:00,,,,,,
2001-01-02 00:00:00+00:00,32.9375,33.0,32.640625,32.6875,14.335333824157715,7400.0
2001-01-03 00:00:00+00:00,33.4375,33.921875,32.0,32.0,14.033824920654297,77900.0
2001-01-04 00:00:00+00:00,32.0,32.0,31.0,31.5,13.81455135345459,48400.0
2001-01-05 00:00:00+00:00,31.328125,31.9375,31.1875,31.1875,13.677494049072266,35200.0
2001-01-08 00:00:00+00:00,31.546875,31.71875,31.21875,31.65625,13.88306999206543,363900.0
2001-01-09 00:00:00+00:00,31.4375,32.078125,31.4375,31.796875,13.944738388061523,52000.0
2001-01-10 00:00:00+00:00,31.65625,32.09375,31.546875,31.71875,13.910478591918945,19600.0
2001-01-11 00:00:00+00:00,31.53125,31.625,30.875,30.984375,13.588421821594238,30100.0
2001-01-12 00:00:00+00:00,31.0,31.28125,30.5625,31.21875,13.691198348999023,46900.0
2001-01-15 00:00:00+00:00,,,,,,
2001-01-16 00:00:00+00:00,30.71875,30.78125,30.0625,30.71875,13.471925735473633,43600.0
2001-01-17 00:00:00+00:00,30.65625,31.0,30.5625,30.796875,13.506184577941895,28700.0
2001-01-18 00:00:00+00:00,30.9375,31.515625,30.703125,31.34375,13.746025085449219,17700.0
2001-01-19 00:00:00+00:00,30.96875,31.40625,30.90625,31.25,13.704909324645996,10300.0
2001-01-22 00:00:00+00:00,31.25,31.46875,30.9375,31.1875,13.677494049072266,19800.0
2001-01-23 00:00:00+00:00,31.421875,31.609375,31.125,31.15625,13.663793563842773,41600.0
2001-01-24 00:00:00+00:00,31.21875,31.484375,30.984375,31.203125,13.684346199035645,17900.0
2001-01-25 00:00:00+00:00,31.46875,31.515625,31.0,31.421875,13.780278205871582,16300.0
2001-01-26 00:00:00+00:00,31.46875,31.46875,30.40625,31.125,13.650086402893066,25700.0
2001-01-29 00:00:00+00:00,31.5,31.75,31.329999923706055,31.610000610351562,13.862784385681152,52800.0
2001-01-30 00:00:00+00:00,31.25,31.610000610351562,31.229999542236328,31.610000610351562,13.862784385681152,8900.0
2001-01-31 00:00:00+00:00,31.25,31.34000015258789,31.1299991607666,31.31999969482422,13.73560619354248,8400.0
2001-02-01 00:00:00+00:00,31.450000762939453,31.700000762939453,31.280000686645508,31.700000762939453,13.902257919311523,14800.0
2001-02-02 00:00:00+00:00,31.360000610351562,31.600000381469727,31.350000381469727,31.350000381469727,13.748763084411621,9100.0
2001-02-05 00:00:00+00:00,31.649999618530273,31.649999618530273,31.360000610351562,31.579999923706055,13.849625587463379,7800.0
2001-02-06 00:00:00+00:00,31.540000915527344,31.899999618530273,31.540000915527344,31.770000457763672,13.932963371276855,38400.0
2001-02-07 00:00:00+00:00,31.920000076293945,31.969999313354492,31.700000762939453,31.780000686645508,13.937347412109375,7300.0
2001-02-08 00:00:00+00:00,32.060001373291016,32.130001068115234,31.90999984741211,32.060001373291016,14.060138702392578,14300.0
2001-02-09 00:00:00+00:00,32.25,32.439998626708984,31.950000762939453,32.02000045776367,14.04258918762207,230100.0
2001-02-12 00:00:00+00:00,32.099998474121094,32.709999084472656,31.959999084472656,32.04999923706055,14.055750846862793,10700.0
2001-02-13 00:00:00+00:00,32.119998931884766,32.4900016784668,31.790000915527344,32.31999969482422,14.174162864685059,31300.0
2001-02-14 00:00:00+00:00,32.20000076293945,32.20000076293945,31.780000686645508,31.780000686645508,13.937347412109375,11100.0
2001-02-15 00:00:00+00:00,31.899999618530273,32.119998931884766,31.600000381469727,31.829999923706055,13.959268569946289,20300.0
2001-02-16 00:00:00+00:00,31.969999313354492,32.29999923706055,31.8700008392334,32.0099983215332,14.038213729858398,29000.0
2001-02-19 00:00:00+00:00,,,,,,
2001-02-20 00:00:00+00:00,32.11000061035156,32.54999923706055,32.06999969482422,32.15999984741211,14.103995323181152,19600.0
2001-02-21 00:00:00+00:00,32.25,32.29999923706055,31.780000686645508,31.780000686645508,13.937347412109375,9000.0
2001-02-22 00:00:00+00:00,31.850000381469727,32.22999954223633,31.809999465942383,32.119998931884766,14.086454391479492,24400.0
2001-02-23 00:00:00+00:00,31.68000030517578,31.940000534057617,31.200000762939453,31.940000534057617,14.007513999938965,9900.0
2001-02-26 00:00:00+00:00,32.0,32.41999816894531,32.0,32.29999923706055,14.165393829345703,16700.0
2001-02-27 00:00:00+00:00,32.54999923706055,32.66999816894531,32.310001373291016,32.34000015258789,14.182929992675781,13600.0
2001-02-28 00:00:00+00:00,32.41999816894531,32.41999816894531,31.75,31.969999313354492,14.02066707611084,15500.0
2001-03-01 00:00:00+00:00,31.799999237060547,31.860000610351562,31.549999237060547,31.6200008392334,13.867166519165039,9400.0
2001-03-02 00:00:00+00:00,30.989999771118164,31.899999618530273,30.899999618530273,31.700000762939453,13.902257919311523,15600.0
2001-03-05 00:00:00+00:00,31.799999237060547,31.81999969482422,31.3799991607666,31.639999389648438,13.875947952270508,43200.0
2001-03-06 00:00:00+00:00,31.709999084472656,31.850000381469727,31.59000015258789,31.600000381469727,13.858399391174316,13300.0
2001-03-07 00:00:00+00:00,31.510000228881836,31.65999984741211,31.239999771118164,31.450000762939453,13.792620658874512,32700.0
2001-03-08 00:00:00+00:00,31.649999618530273,32.060001373291016,31.549999237060547,32.040000915527344,14.051371574401855,54800.0
2001-03-09 00:00:00+00:00,31.850000381469727,31.950000762939453,31.479999542236328,31.479999542236328,13.805774688720703,10300.0
2001-03-12 00:00:00+00:00,31.479999542236328,31.8799991607666,31.479999542236328,31.84000015258789,13.963655471801758,19000.0
2001-03-13 00:00:00+00:00,30.920000076293945,31.170000076293945,30.850000381469727,31.100000381469727,13.639128684997559,160800.0
2001-03-14 00:00:00+00:00,30.5,30.709999084472656,29.760000228881836,30.030000686645508,13.169870376586914,45100.0
2001-03-15 00:00:00+00:00,30.200000762939453,30.59000015258789,30.200000762939453,30.559999465942383,13.402304649353027,3600.0
2001-03-16 00:00:00+00:00,30.149999618530273,30.5,29.969999313354492,30.100000381469727,13.294095039367676,274900.0
2001-03-19 00:00:00+00:00,29.850000381469727,30.479999542236328,29.399999618530273,30.479999542236328,13.461921691894531,79300.0
2001-03-20 00:00:00+00:00,30.09000015258789,30.350000381469727,29.950000762939453,30.040000915527344,13.267593383789062,18700.0
2001-03-21 00:00:00+00:00,30.049999237060547,30.100000381469727,29.299999237060547,29.3700008392334,12.971678733825684,44500.0
2001-03-22 00:00:00+00:00,29.260000228881836,29.260000228881836,28.3700008392334,29.0,12.808260917663574,229100.0
2001-03-23 00:00:00+00:00,28.40999984741211,28.969999313354492,28.299999237060547,28.950000762939453,12.786185264587402,99000.0
2001-03-26 00:00:00+00:00,29.75,30.059999465942383,29.579999923706055,29.90999984741211,13.210176467895508,118600.0
2001-03-27 00:00:00+00:00,30.5,31.059999465942383,30.5,31.010000228881836,13.696011543273926,28600.0
2001-03-28 00:00:00+00:00,30.950000762939453,30.950000762939453,30.149999618530273,30.350000381469727,13.404507637023926,10600.0
2001-03-29 00:00:00+00:00,30.149999618530273,31.059999465942383,30.1200008392334,31.059999465942383,13.718093872070312,21100.0
2001-03-30 00:00:00+00:00,31.200000762939453,31.3799991607666,31.030000686645508,31.290000915527344,13.819677352905273,9600.0
2001-04-02 00:00:00+00:00,31.290000915527344,31.93000030517578,31.100000381469727,31.389999389648438,13.863836288452148,55500.0
2001-04-03 00:00:00+00:00,31.5,31.5,31.06999969482422,31.239999771118164,13.79759407043457,16300.0
2001-04-04 00:00:00+00:00,31.100000381469727,31.459999084472656,30.920000076293945,31.360000610351562,13.850595474243164,9600.0
2001-04-05 00:00:00+00:00,30.950000762939453,31.149999618530273,30.780000686645508,31.149999618530273,13.757844924926758,5300.0
2001-04-06 00:00:00+00:00,31.100000381469727,31.360000610351562,29.940000534057617,30.56999969482422,13.501677513122559,391000.0
2001-04-09 00:00:00+00:00,30.75,31.34000015258789,30.75,31.239999771118164,13.79759407043457,20700.0
2001-04-10 00:00:00+00:00,31.299999237060547,31.989999771118164,31.299999237060547,31.889999389648438,14.084673881530762,17500.0
2001-04-11 00:00:00+00:00,31.889999389648438,32.0,31.170000076293945,31.459999084472656,13.894756317138672,93200.0
2001-04-12 00:00:00+00:00,31.5,31.559999465942383,31.059999465942383,31.440000534057617,13.885927200317383,24200.0
2001-04-13 00:00:00+00:00,,,,,,
2001-04-16 00:00:00+00:00,31.399999618530273,31.940000534057617,31.399999618530273,31.940000534057617,14.106754302978516,11500.0
2001-04-17 00:00:00+00:00,32.0,32.68000030517578,32.0,32.68000030517578,14.433588981628418,30200.0
2001-04-18 00:00:00+00:00,32.599998474121094,32.650001525878906,31.899999618530273,32.0,14.133256912231445,573400.0
2001-04-19 00:00:00+00:00,32.45000076293945,32.9900016784668,31.799999237060547,32.060001373291016,14.159753799438477,56400.0
2001-04-20 00:00:00+00:00,31.850000381469727,31.940000534057617,31.399999618530273,31.68000030517578,13.991921424865723,33600.0
2001-04-23 00:00:00+00:00,31.68000030517578,31.75,31.34000015258789,31.75,14.022839546203613,322500.0
2001-04-24 00:00:00+00:00,32.0,32.45000076293945,31.8700008392334,31.899999618530273,14.089098930358887,15900.0
2001-04-25 00:00:00+00:00,32.25,32.4900016784668,31.760000228881836,32.459999084472656,14.336421012878418,197600.0
2001-04-26 00:00:00+00:00,32.599998474121094,32.9900016784668,32.599998474121094,32.75,14.464503288269043,83900.0
2001-04-27 00:00:00+00:00,32.650001525878906,33.0,32.599998474121094,32.77000045776367,14.473339080810547,16200.0
2001-04-30 00:00:00+00:00,32.70000076293945,33.27000045776367,32.70000076293945,32.79999923706055,14.486595153808594,176500.0
2001-05-01 00:00:00+00:00,33.0,33.150001525878906,32.81999969482422,33.11000061035156,14.623505592346191,121300.0
2001-05-02 00:00:00+00:00,33.099998474121094,33.099998474121094,32.619998931884766,32.689998626708984,14.438003540039062,58800.0
2001-05-03 00:00:00+00:00,32.599998474121094,32.599998474121094,31.899999618530273,32.27000045776367,14.252508163452148,36600.0
2001-05-04 00:00:00+00:00,32.349998474121094,32.65999984741211,32.0,32.599998474121094,14.398252487182617,13800.0
2001-05-07 00:00:00+00:00,32.79999923706055,32.81999969482422,32.5099983215332,32.77000045776367,14.473339080810547,11300.0
2001-05-08 00:00:00+00:00,33.0,33.0,32.29999923706055,32.29999923706055,14.265754699707031,24600.0
2001-05-09 00:00:00+00:00,32.54999923706055,32.54999923706055,32.0099983215332,32.349998474121094,14.287843704223633,21900.0
2001-05-10 00:00:00+00:00,32.0,32.5,32.0,32.369998931884766,14.296669006347656,11800.0
2001-05-11 00:00:00+00:00,32.54999923706055,32.54999923706055,32.18000030517578,32.38999938964844,14.305498123168945,13500.0
2001-05-14 00:00:00+00:00,32.79999923706055,32.81999969482422,32.4900016784668,32.81999969482422,14.4954195022583,14900.0
2001-05-15 00:00:00+00:00,33.08000183105469,33.08000183105469,32.529998779296875,32.599998474121094,14.398252487182617,31400.0
2001-05-16 00:00:00+00:00,32.81999969482422,33.36000061035156,32.5,33.29999923706055,14.707425117492676,27000.0
2001-05-17 00:00:00+00:00,33.400001525878906,33.400001525878906,32.95000076293945,33.099998474121094,14.61909008026123,33200.0
2001-05-18 00:00:00+00:00,33.150001525878906,33.29999923706055,33.0,33.29999923706055,14.707425117492676,26600.0
2001-05-21 00:00:00+00:00,33.29999923706055,33.54999923706055,33.099998474121094,33.41999816894531,14.760416030883789,23600.0
2001-05-22 00:00:00+00:00,33.41999816894531,33.5099983215332,33.2599983215332,33.29999923706055,14.707425117492676,10600.0
2001-05-23 00:00:00+00:00,33.5,33.529998779296875,33.150001525878906,33.290000915527344,14.702999114990234,15900.0
2001-05-24 00:00:00+00:00,33.189998626708984,33.279998779296875,33.029998779296875,33.20000076293945,14.663261413574219,14200.0
2001-05-25 00:00:00+00:00,33.0,33.220001220703125,32.65999984741211,32.68000030517578,14.433588981628418,12300.0
2001-05-28 00:00:00+00:00,,,,,,
2001-05-29 00:00:00+00:00,32.779998779296875,32.779998779296875,32.40999984741211,32.65999984741211,14.424751281738281,21300.0
2001-05-30 00:00:00+00:00,32.5,32.95000076293945,32.20000076293945,32.52000045776367,14.362922668457031,44800.0
2001-05-31 00:00:00+00:00,32.650001525878906,33.029998779296875,32.630001068115234,33.029998779296875,14.588172912597656,69500.0
2001-06-01 00:00:00+00:00,32.70000076293945,32.88999938964844,32.439998626708984,32.75,14.464503288269043,18700.0
2001-06-04 00:00:00+00:00,32.849998474121094,32.849998474121094,32.349998474121094,32.77000045776367,14.473339080810547,13100.0
2001-06-05 00:00:00+00:00,32.900001525878906,32.900001525878906,32.20000076293945,32.290000915527344,14.26133918762207,251100.0
2001-06-06 00:00:00+00:00,32.099998474121094,32.400001525878906,31.889999389648438,32.029998779296875,14.146506309509277,18200.0
2001-06-07 00:00:00+00:00,32.099998474121094,32.099998474121094,31.579999923706055,31.760000228881836,14.027254104614258,25500.0
2001-06-08 00:00:00+00:00,31.520000457763672,32.40999984741211,31.520000457763672,31.8799991607666,14.080254554748535,14300.0
2001-06-11 00:00:00+00:00,31.510000228881836,32.22999954223633,31.510000228881836,32.18000030517578,14.212751388549805,55700.0
2001-06-12 00:00:00+00:00,32.0,32.459999084472656,32.0,32.459999084472656,14.336421012878418,8300.0
2001-06-13 00:00:00+00:00,32.5,32.5,31.770000457763672,31.790000915527344,14.040506362915039,13900.0
2001-06-14 00:00:00+00:00,31.799999237060547,31.799999237060547,30.850000381469727,30.850000381469727,13.625345230102539,50900.0
2001-06-15 00:00:00+00:00,30.5,31.40999984741211,30.5,30.81999969482422,13.70941162109375,75600.0
2001-06-18 00:00:00+00:00,31.010000228881836,31.299999237060547,30.799999237060547,30.860000610351562,13.727202415466309,124400.0
2001-06-19 00:00:00+00:00,30.860000610351562,31.290000915527344,30.790000915527344,30.979999542236328,13.78058910369873,9900.0
2001-06-20 00:00:00+00:00,31.18000030517578,31.34000015258789,30.799999237060547,31.059999465942383,13.816171646118164,23300.0
2001-06-21 00:00:00+00:00,31.0,31.09000015258789,30.25,30.25,13.455862998962402,13300.0
2001-06-22 00:00:00+00:00,30.25,30.600000381469727,30.229999542236328,30.59000015258789,13.607102394104004,22100.0
2001-06-25 00:00:00+00:00,30.530000686645508,30.6200008392334,30.229999542236328,30.229999542236328,13.446969032287598,14300.0
2001-06-26 00:00:00+00:00,30.100000381469727,30.709999084472656,30.030000686645508,30.68000030517578,13.647136688232422,16400.0
2001-06-27 00:00:00+00:00,30.5,30.81999969482422,30.479999542236328,30.75,13.678278923034668,9400.0
2001-06-28 00:00:00+00:00,31.139999389648438,31.25,30.81999969482422,30.81999969482422,13.70941162109375,9500.0
2001-06-29 00:00:00+00:00,30.799999237060547,31.149999618530273,30.799999237060547,31.149999618530273,13.856209754943848,14200.0
2001-07-02 00:00:00+00:00,31.0,31.350000381469727,31.0,31.239999771118164,13.89624309539795,36800.0
2001-07-03 00:00:00+00:00,31.450000762939453,31.549999237060547,31.190000534057617,31.31999969482422,13.931830406188965,14900.0
2001-07-04 00:00:00+00:00,,,,,,
2001-07-05 00:00:00+00:00,31.25,31.75,31.25,31.579999923706055,14.047480583190918,28800.0
2001-07-06 00:00:00+00:00,31.700000762939453,31.84000015258789,31.520000457763672,31.549999237060547,14.03413200378418,99400.0
2001-07-09 00:00:00+00:00,31.56999969482422,31.84000015258789,31.469999313354492,31.84000015258789,14.16313362121582,20800.0
2001-07-10 00:00:00+00:00,31.799999237060547,32.040000915527344,31.799999237060547,31.889999389648438,14.18537425994873,7900.0
2001-07-11 00:00:00+00:00,31.850000381469727,32.220001220703125,31.850000381469727,32.040000915527344,14.252097129821777,19400.0
2001-07-12 00:00:00+00:00,31.850000381469727,31.899999618530273,31.670000076293945,31.709999084472656,14.105304718017578,9500.0
2001-07-13 00:00:00+00:00,31.75,31.799999237060547,31.549999237060547,31.6299991607666,14.069716453552246,24400.0
2001-07-16 00:00:00+00:00,31.850000381469727,32.119998931884766,31.829999923706055,31.850000381469727,14.16757869720459,111800.0
2001-07-17 00:00:00+00:00,32.029998779296875,32.20000076293945,31.899999618530273,31.899999618530273,14.18982982635498,14400.0
2001-07-18 00:00:00+00:00,32.18000030517578,32.189998626708984,31.56999969482422,31.56999969482422,14.043035507202148,18900.0
2001-07-19 00:00:00+00:00,31.899999618530273,32.150001525878906,31.770000457763672,31.770000457763672,14.131998062133789,22900.0
2001-07-20 00:00:00+00:00,31.649999618530273,31.81999969482422,31.059999465942383,31.100000381469727,13.833963394165039,40500.0
2001-07-23 00:00:00+00:00,30.950000762939453,31.09000015258789,29.950000762939453,30.25,13.455862998962402,28000.0
2001-07-24 00:00:00+00:00,30.350000381469727,30.350000381469727,29.329999923706055,29.3799991607666,13.068866729736328,71500.0
2001-07-25 00:00:00+00:00,29.399999618530273,30.68000030517578,29.399999618530273,30.68000030517578,13.647136688232422,82500.0
2001-07-26 00:00:00+00:00,30.479999542236328,30.809999465942383,30.200000762939453,30.790000915527344,13.69607162475586,8600.0
2001-07-27 00:00:00+00:00,31.0,31.190000534057617,30.559999465942383,30.770000457763672,13.687169075012207,34200.0
2001-07-30 00:00:00+00:00,30.850000381469727,31.149999618530273,30.600000381469727,31.1200008392334,13.842855453491211,24700.0
2001-07-31 00:00:00+00:00,30.68000030517578,31.170000076293945,30.6299991607666,30.8700008392334,13.731649398803711,13700.0
2001-08-01 00:00:00+00:00,30.700000762939453,31.3700008392334,30.649999618530273,31.229999542236328,13.891791343688965,28800.0
2001-08-02 00:00:00+00:00,31.0,31.469999313354492,31.0,31.18000030517578,13.869550704956055,8400.0
2001-08-03 00:00:00+00:00,31.0,31.1299991607666,30.81999969482422,31.09000015258789,13.829516410827637,18500.0
2001-08-06 00:00:00+00:00,30.709999084472656,30.75,30.399999618530273,30.489999771118164,13.5626220703125,14600.0
2001-08-07 00:00:00+00:00,30.6299991607666,30.8799991607666,30.56999969482422,30.729999542236328,13.66938304901123,12300.0
2001-08-08 00:00:00+00:00,30.549999237060547,30.549999237060547,30.010000228881836,30.1200008392334,13.398032188415527,29100.0
2001-08-09 00:00:00+00:00,30.0,30.350000381469727,30.0,30.170000076293945,13.420279502868652,73600.0
2001-08-10 00:00:00+00:00,30.100000381469727,30.760000228881836,29.950000762939453,30.760000228881836,13.68272590637207,14200.0
2001-08-13 00:00:00+00:00,30.530000686645508,30.649999618530273,30.420000076293945,30.420000076293945,13.531492233276367,9000.0
2001-08-14 00:00:00+00:00,30.329999923706055,30.540000915527344,30.329999923706055,30.420000076293945,13.531492233276367,58600.0
2001-08-15 00:00:00+00:00,30.440000534057617,30.440000534057617,30.040000915527344,30.040000915527344,13.362449645996094,9800.0
2001-08-16 00:00:00+00:00,30.110000610351562,30.399999618530273,30.0,30.3700008392334,13.509245872497559,15300.0
2001-08-17 00:00:00+00:00,30.0,30.260000228881836,29.950000762939453,30.0,13.344660758972168,32400.0
2001-08-20 00:00:00+00:00,30.100000381469727,30.360000610351562,30.100000381469727,30.239999771118164,13.451416015625,15400.0
2001-08-21 00:00:00+00:00,30.540000915527344,30.610000610351562,30.25,30.25,13.455862998962402,45100.0
2001-08-22 00:00:00+00:00,30.299999237060547,30.309999465942383,30.049999237060547,30.200000762939453,13.433625221252441,60900.0
2001-08-23 00:00:00+00:00,30.0,30.3700008392334,30.0,30.1299991607666,13.402485847473145,11500.0
2001-08-24 00:00:00+00:00,30.030000686645508,30.3700008392334,30.030000686645508,30.34000015258789,13.49589729309082,4400.0
2001-08-27 00:00:00+00:00,30.450000762939453,30.450000762939453,30.239999771118164,30.420000076293945,13.531492233276367,4200.0
2001-08-28 00:00:00+00:00,30.149999618530273,30.290000915527344,30.1200008392334,30.280000686645508,13.46921157836914,3200.0
2001-08-29 00:00:00+00:00,30.329999923706055,30.329999923706055,30.020000457763672,30.100000381469727,13.389142990112305,41500.0
2001-08-30 00:00:00+00:00,30.0,30.25,29.739999771118164,29.75,13.2334566116333,291000.0
2001-08-31 00:00:00+00:00,29.979999542236328,29.979999542236328,29.639999389648438,29.770000457763672,13.242353439331055,9300.0
2001-09-03 00:00:00+00:00,,,,,,
2001-09-04 00:00:00+00:00,29.899999618530273,30.43000030517578,29.780000686645508,30.079999923706055,13.3802490234375,435500.0
2001-09-05 00:00:00+00:00,29.950000762939453,29.950000762939453,29.639999389648438,29.899999618530273,13.30017375946045,96100.0
2001-09-06 00:00:00+00:00,29.75,29.93000030517578,29.670000076293945,29.670000076293945,13.197869300842285,9600.0
2001-09-07 00:00:00+00:00,29.43000030517578,29.8700008392334,29.43000030517578,29.6299991607666,13.180073738098145,33900.0
2001-09-10 00:00:00+00:00,29.5,30.1200008392334,29.5,30.1200008392334,13.398032188415527,11700.0
2001-09-11 00:00:00+00:00,,,,,,
2001-09-12 00:00:00+00:00,,,,,,
2001-09-13 00:00:00+00:00,,,,,,
2001-09-14 00:00:00+00:00,,,,,,
2001-09-17 00:00:00+00:00,29.649999618530273,29.899999618530273,29.399999618530273,29.850000381469727,13.277931213378906,1183900.0
2001-09-18 00:00:00+00:00,29.75,30.25,29.649999618530273,30.059999465942383,13.371352195739746,95400.0
2001-09-19 00:00:00+00:00,30.149999618530273,30.3700008392334,29.459999084472656,29.829999923706055,13.269041061401367,10300.0
2001-09-20 00:00:00+00:00,29.65999984741211,30.229999542236328,29.65999984741211,30.209999084472656,13.438072204589844,24200.0
2001-09-21 00:00:00+00:00,29.0,29.84000015258789,29.0,29.1299991607666,13.057512283325195,24500.0
2001-09-24 00:00:00+00:00,29.1299991607666,29.399999618530273,29.1299991607666,29.229999542236328,13.102333068847656,22200.0
2001-09-25 00:00:00+00:00,29.149999618530273,29.700000762939453,29.149999618530273,29.670000076293945,13.299564361572266,43600.0
2001-09-26 00:00:00+00:00,29.0,29.260000228881836,28.860000610351562,28.959999084472656,12.981307983398438,45700.0
2001-09-27 00:00:00+00:00,28.950000762939453,28.950000762939453,28.389999389648438,28.600000381469727,12.819941520690918,58100.0
2001-09-28 00:00:00+00:00,28.84000015258789,29.3799991607666,28.84000015258789,29.260000228881836,13.11578369140625,12600.0
2001-10-01 00:00:00+00:00,29.209999084472656,29.530000686645508,29.040000915527344,29.510000228881836,13.227843284606934,45000.0
2001-10-02 00:00:00+00:00,29.200000762939453,29.940000534057617,29.200000762939453,29.829999923706055,13.371284484863281,9800.0
2001-10-03 00:00:00+00:00,29.950000762939453,30.15999984741211,29.950000762939453,30.149999618530273,13.514721870422363,20200.0
2001-10-04 00:00:00+00:00,30.25,30.25,29.850000381469727,29.850000381469727,13.380249977111816,12300.0
2001-10-05 00:00:00+00:00,30.25,30.25,29.90999984741211,29.90999984741211,13.407142639160156,10500.0
2001-10-08 00:00:00+00:00,30.100000381469727,30.309999465942383,30.09000015258789,30.190000534057617,13.532649993896484,31100.0
2001-10-09 00:00:00+00:00,29.969999313354492,30.15999984741211,29.920000076293945,30.040000915527344,13.465415000915527,73200.0
2001-10-10 00:00:00+00:00,29.889999389648438,30.1299991607666,29.799999237060547,30.100000381469727,13.492310523986816,28800.0
2001-10-11 00:00:00+00:00,30.079999923706055,30.1200008392334,29.56999969482422,29.65999984741211,13.295079231262207,1023100.0
2001-10-12 00:00:00+00:00,29.639999389648438,29.75,29.229999542236328,29.459999084472656,13.20543098449707,44500.0
2001-10-15 00:00:00+00:00,29.399999618530273,29.420000076293945,29.229999542236328,29.40999984741211,13.183019638061523,130000.0
2001-10-16 00:00:00+00:00,29.549999237060547,29.6299991607666,29.420000076293945,29.6299991607666,13.281636238098145,14700.0
2001-10-17 00:00:00+00:00,29.850000381469727,29.93000030517578,29.489999771118164,29.600000381469727,13.268180847167969,21100.0
2001-10-18 00:00:00+00:00,29.649999618530273,29.649999618530273,29.020000457763672,29.030000686645508,13.01268482208252,31300.0
2001-10-19 00:00:00+00:00,29.1200008392334,29.579999923706055,28.969999313354492,29.530000686645508,13.236808776855469,15300.0
2001-10-22 00:00:00+00:00,29.25,29.25,28.780000686645508,28.969999313354492,12.985784530639648,7000.0
2001-10-23 00:00:00+00:00,28.600000381469727,28.649999618530273,28.049999237060547,28.229999542236328,12.654083251953125,39700.0
2001-10-24 00:00:00+00:00,28.200000762939453,28.200000762939453,27.8799991607666,27.979999542236328,12.542021751403809,77000.0
2001-10-25 00:00:00+00:00,27.950000762939453,28.219999313354492,27.950000762939453,28.170000076293945,12.627187728881836,36200.0
2001-10-26 00:00:00+00:00,28.100000381469727,28.440000534057617,27.93000030517578,28.260000228881836,12.667534828186035,115500.0
2001-10-29 00:00:00+00:00,28.350000381469727,28.350000381469727,28.030000686645508,28.209999084472656,12.645120620727539,58600.0
2001-10-30 00:00:00+00:00,28.0,28.0,27.729999542236328,27.790000915527344,12.456855773925781,46000.0
2001-10-31 00:00:00+00:00,27.600000381469727,27.950000762939453,27.600000381469727,27.719999313354492,12.425475120544434,13700.0
2001-11-01 00:00:00+00:00,28.0,28.229999542236328,27.610000610351562,27.950000762939453,12.528575897216797,70500.0
2001-11-02 00:00:00+00:00,27.899999618530273,28.079999923706055,27.649999618530273,28.059999465942383,12.577879905700684,37700.0
2001-11-05 00:00:00+00:00,28.450000762939453,28.489999771118164,28.239999771118164,28.329999923706055,12.698906898498535,22900.0
2001-11-06 00:00:00+00:00,28.200000762939453,28.450000762939453,28.0,28.450000762939453,12.752699851989746,54400.0
2001-11-07 00:00:00+00:00,28.450000762939453,28.450000762939453,28.049999237060547,28.079999923706055,12.586841583251953,51000.0
2001-11-08 00:00:00+00:00,28.18000030517578,28.520000457763672,28.100000381469727,28.459999084472656,12.757182121276855,44300.0
2001-11-09 00:00:00+00:00,28.649999618530273,28.719999313354492,28.420000076293945,28.639999389648438,12.837868690490723,45900.0
2001-11-12 00:00:00+00:00,28.299999237060547,28.579999923706055,28.299999237060547,28.540000915527344,12.793039321899414,25600.0
2001-11-13 00:00:00+00:00,28.6299991607666,28.6299991607666,28.209999084472656,28.520000457763672,12.784071922302246,37400.0
2001-11-14 00:00:00+00:00,28.649999618530273,28.649999618530273,28.059999465942383,28.219999313354492,12.649600982666016,696500.0
2001-11-15 00:00:00+00:00,28.149999618530273,28.299999237060547,28.0,28.170000076293945,12.627187728881836,220800.0
2001-11-16 00:00:00+00:00,28.450000762939453,28.6299991607666,28.40999984741211,28.469999313354492,12.761662483215332,1136200.0
2001-11-19 00:00:00+00:00,28.75,28.799999237060547,28.209999084472656,28.399999618530273,12.7302885055542,41500.0
2001-11-20 00:00:00+00:00,28.549999237060547,28.59000015258789,28.25,28.459999084472656,12.757182121276855,17500.0
2001-11-21 00:00:00+00:00,28.280000686645508,28.280000686645508,27.940000534057617,28.25,12.663049697875977,20100.0
2001-11-22 00:00:00+00:00,,,,,,
2001-11-23 00:00:00+00:00,28.25,28.3700008392334,28.0,28.219999313354492,12.649600982666016,4300.0
2001-11-26 00:00:00+00:00,28.299999237060547,28.350000381469727,28.0,28.25,12.663049697875977,20000.0
2001-11-27 00:00:00+00:00,28.049999237060547,28.190000534057617,27.850000381469727,27.8700008392334,12.492717742919922,76600.0
2001-11-28 00:00:00+00:00,27.770000457763672,27.860000610351562,27.5,27.5,12.326861381530762,26200.0
2001-11-29 00:00:00+00:00,27.299999237060547,27.489999771118164,27.260000228881836,27.489999771118164,12.322381019592285,677100.0
2001-11-30 00:00:00+00:00,27.549999237060547,27.600000381469727,27.3700008392334,27.3700008392334,12.26858901977539,28100.0
2001-12-03 00:00:00+00:00,27.229999542236328,27.559999465942383,27.200000762939453,27.420000076293945,12.290999412536621,146500.0
2001-12-04 00:00:00+00:00,27.420000076293945,27.729999542236328,27.200000762939453,27.729999542236328,12.429960250854492,42500.0
2001-12-05 00:00:00+00:00,27.75,27.950000762939453,27.600000381469727,27.93000030517578,12.519611358642578,41300.0
2001-12-06 00:00:00+00:00,27.600000381469727,27.780000686645508,27.5,27.670000076293945,12.40306568145752,34800.0
2001-12-07 00:00:00+00:00,27.600000381469727,27.850000381469727,27.5,27.700000762939453,12.416510581970215,13700.0
2001-12-10 00:00:00+00:00,27.649999618530273,27.649999618530273,27.350000381469727,27.510000228881836,12.331342697143555,19200.0
2001-12-11 00:00:00+00:00,27.450000762939453,27.450000762939453,26.989999771118164,27.06999969482422,12.134113311767578,33800.0
2001-12-12 00:00:00+00:00,27.190000534057617,27.3700008392334,26.639999389648438,27.3700008392334,12.26858901977539,511500.0
2001-12-13 00:00:00+00:00,26.989999771118164,27.389999389648438,26.989999771118164,27.34000015258789,12.255136489868164,41600.0
2001-12-14 00:00:00+00:00,27.25,27.299999237060547,27.079999923706055,27.149999618530273,12.169975280761719,28200.0
2001-12-17 00:00:00+00:00,27.200000762939453,27.40999984741211,27.190000534057617,27.270000457763672,12.22376823425293,24100.0
2001-12-18 00:00:00+00:00,27.5,27.6200008392334,27.450000762939453,27.520000457763672,12.335824966430664,51300.0
2001-12-19 00:00:00+00:00,27.649999618530273,28.110000610351562,27.299999237060547,28.110000610351562,12.600293159484863,52600.0
2001-12-20 00:00:00+00:00,27.8799991607666,28.0,27.6299991607666,27.969999313354492,12.537542343139648,41800.0
2001-12-21 00:00:00+00:00,27.600000381469727,27.729999542236328,27.510000228881836,27.559999465942383,12.44945240020752,83100.0
2001-12-24 00:00:00+00:00,27.700000762939453,27.780000686645508,27.549999237060547,27.780000686645508,12.548831939697266,32100.0
2001-12-25 00:00:00+00:00,,,,,,
2001-12-26 00:00:00+00:00,27.850000381469727,27.940000534057617,27.75,27.75,12.5352783203125,21400.0
2001-12-27 00:00:00+00:00,27.700000762939453,28.1200008392334,27.700000762939453,28.1200008392334,12.70241641998291,15700.0
2001-12-28 00:00:00+00:00,28.149999618530273,28.209999084472656,27.959999084472656,28.020000457763672,12.657245635986328,35800.0
2001-12-31 00:00:00+00:00,28.200000762939453,28.299999237060547,28.010000228881836,28.030000686645508,12.661761283874512,57400.0
2002-01-01 00:00:00+00:00,,,,,,
2002-01-02 00:00:00+00:00,27.899999618530273,28.450000762939453,27.690000534057617,28.43000030517578,12.842450141906738,22500.0
2002-01-03 00:00:00+00:00,28.5,28.579999923706055,28.1200008392334,28.579999923706055,12.910211563110352,71700.0
2002-01-04 00:00:00+00:00,28.649999618530273,28.700000762939453,28.299999237060547,28.450000762939453,12.851487159729004,76200.0
2002-01-07 00:00:00+00:00,28.600000381469727,28.700000762939453,28.360000610351562,28.479999542236328,12.865036010742188,39800.0
2002-01-08 00:00:00+00:00,28.299999237060547,28.389999389648438,28.1200008392334,28.1299991607666,12.706933975219727,390600.0
2002-01-09 00:00:00+00:00,28.149999618530273,28.239999771118164,27.850000381469727,27.8799991607666,12.594005584716797,26000.0
2002-01-10 00:00:00+00:00,27.700000762939453,28.15999984741211,27.649999618530273,28.100000381469727,12.693382263183594,35100.0
2002-01-11 00:00:00+00:00,28.299999237060547,28.299999237060547,27.829999923706055,27.829999923706055,12.571414947509766,262900.0
2002-01-14 00:00:00+00:00,27.700000762939453,28.229999542236328,27.700000762939453,28.09000015258789,12.688868522644043,42400.0
2002-01-15 00:00:00+00:00,28.3700008392334,28.3700008392334,27.93000030517578,28.100000381469727,12.693382263183594,86600.0
2002-01-16 00:00:00+00:00,28.09000015258789,28.170000076293945,27.950000762939453,27.979999542236328,12.639178276062012,40000.0
2002-01-17 00:00:00+00:00,27.899999618530273,27.940000534057617,27.56999969482422,27.700000762939453,12.512694358825684,43700.0
2002-01-18 00:00:00+00:00,27.510000228881836,27.739999771118164,27.450000762939453,27.649999618530273,12.490113258361816,34100.0
2002-01-21 00:00:00+00:00,,,,,,
2002-01-22 00:00:00+00:00,27.5,27.5,27.049999237060547,27.049999237060547,12.219078063964844,78600.0
2002-01-23 00:00:00+00:00,27.100000381469727,27.549999237060547,27.100000381469727,27.450000762939453,12.399764060974121,128900.0
2002-01-24 00:00:00+00:00,27.5,27.639999389648438,27.209999084472656,27.389999389648438,12.372663497924805,63600.0
2002-01-25 00:00:00+00:00,27.299999237060547,27.309999465942383,27.110000610351562,27.219999313354492,12.29587173461914,217200.0
2002-01-28 00:00:00+00:00,27.200000762939453,27.280000686645508,27.100000381469727,27.219999313354492,12.29587173461914,14000.0
2002-01-29 00:00:00+00:00,27.420000076293945,27.440000534057617,26.799999237060547,26.8700008392334,12.137764930725098,27700.0
2002-01-30 00:00:00+00:00,26.700000762939453,26.84000015258789,26.280000686645508,26.84000015258789,12.124211311340332,49500.0
2002-01-31 00:00:00+00:00,26.649999618530273,27.09000015258789,26.649999618530273,27.020000457763672,12.205526351928711,79400.0
2002-02-01 00:00:00+00:00,27.25,27.34000015258789,27.049999237060547,27.079999923706055,12.232625961303711,17200.0
2002-02-04 00:00:00+00:00,27.25,27.25,26.65999984741211,26.799999237060547,12.106148719787598,18800.0
2002-02-05 00:00:00+00:00,26.59000015258789,26.790000915527344,26.299999237060547,26.440000534057617,11.943523406982422,14800.0
2002-02-06 00:00:00+00:00,26.399999618530273,26.5,25.780000686645508,25.90999984741211,11.70411205291748,123100.0
2002-02-07 00:00:00+00:00,25.81999969482422,26.43000030517578,25.81999969482422,26.280000686645508,11.871252059936523,99700.0
2002-02-08 00:00:00+00:00,26.100000381469727,26.479999542236328,26.100000381469727,26.420000076293945,11.934491157531738,53800.0
2002-02-11 00:00:00+00:00,26.489999771118164,26.600000381469727,26.200000762939453,26.600000381469727,12.015798568725586,63500.0
2002-02-12 00:00:00+00:00,26.549999237060547,26.829999923706055,26.479999542236328,26.600000381469727,12.015798568725586,106900.0
2002-02-13 00:00:00+00:00,26.700000762939453,26.950000762939453,26.649999618530273,26.760000228881836,12.088075637817383,46500.0
2002-02-14 00:00:00+00:00,26.610000610351562,26.989999771118164,26.610000610351562,26.81999969482422,12.115175247192383,82800.0
2002-02-15 00:00:00+00:00,26.989999771118164,26.989999771118164,26.649999618530273,26.770000457763672,12.092597007751465,65700.0
2002-02-18 00:00:00+00:00,,,,,,
2002-02-19 00:00:00+00:00,26.600000381469727,26.760000228881836,26.309999465942383,26.309999465942383,11.884800910949707,49900.0
2002-02-20 00:00:00+00:00,26.510000228881836,26.639999389648438,26.0,26.639999389648438,12.033872604370117,23300.0
2002-02-21 00:00:00+00:00,26.399999618530273,26.59000015258789,25.950000762939453,26.110000610351562,11.794461250305176,51200.0
2002-02-22 00:00:00+00:00,26.149999618530273,26.520000457763672,25.84000015258789,26.469999313354492,11.957072257995605,34100.0
2002-02-25 00:00:00+00:00,26.610000610351562,26.809999465942383,26.399999618530273,26.770000457763672,12.092597007751465,32400.0
2002-02-26 00:00:00+00:00,27.0,27.0,26.690000534057617,26.739999771118164,12.079038619995117,446400.0
2002-02-27 00:00:00+00:00,26.959999084472656,27.209999084472656,26.8700008392334,26.920000076293945,12.160347938537598,54700.0
2002-02-28 00:00:00+00:00,27.110000610351562,27.290000915527344,26.969999313354492,26.969999313354492,12.182940483093262,25500.0
2002-03-01 00:00:00+00:00,27.25,27.549999237060547,27.200000762939453,27.549999237060547,12.444936752319336,255100.0
2002-03-04 00:00:00+00:00,27.75,27.8799991607666,27.540000915527344,27.8799991607666,12.594005584716797,100400.0
2002-03-05 00:00:00+00:00,27.899999618530273,27.969999313354492,27.690000534057617,27.899999618530273,12.60304069519043,88600.0
2002-03-06 00:00:00+00:00,27.950000762939453,28.450000762939453,27.899999618530273,28.450000762939453,12.851487159729004,262000.0
2002-03-07 00:00:00+00:00,28.5,28.5,28.049999237060547,28.280000686645508,12.774688720703125,56000.0
2002-03-08 00:00:00+00:00,28.299999237060547,28.540000915527344,28.0,28.200000762939453,12.738557815551758,63900.0
2002-03-11 00:00:00+00:00,28.100000381469727,28.290000915527344,27.959999084472656,28.290000915527344,12.77921199798584,75800.0
2002-03-12 00:00:00+00:00,28.100000381469727,28.190000534057617,27.920000076293945,28.0,12.648207664489746,46600.0
2002-03-13 00:00:00+00:00,28.100000381469727,28.18000030517578,27.959999084472656,28.0,12.648207664489746,18600.0
2002-03-14 00:00:00+00:00,28.18000030517578,28.200000762939453,27.850000381469727,27.899999618530273,12.60304069519043,56200.0
2002-03-15 00:00:00+00:00,27.799999237060547,28.049999237060547,27.799999237060547,27.90999984741211,12.709593772888184,21500.0
2002-03-18 00:00:00+00:00,27.610000610351562,28.079999923706055,27.610000610351562,28.040000915527344,12.768795013427734,69700.0
2002-03-19 00:00:00+00:00,28.190000534057617,28.200000762939453,27.889999389648438,28.170000076293945,12.827996253967285,48200.0
2002-03-20 00:00:00+00:00,28.149999618530273,28.229999542236328,27.84000015258789,28.0,12.750581741333008,25300.0
2002-03-21 00:00:00+00:00,28.200000762939453,28.299999237060547,28.059999465942383,28.299999237060547,12.88719654083252,24700.0
2002-03-22 00:00:00+00:00,28.299999237060547,28.360000610351562,27.969999313354492,27.969999313354492,12.736915588378906,119100.0
2002-03-25 00:00:00+00:00,27.969999313354492,28.1299991607666,27.799999237060547,28.010000228881836,12.755133628845215,54700.0
2002-03-26 00:00:00+00:00,28.100000381469727,28.110000610351562,27.75,27.860000610351562,12.686824798583984,42700.0
2002-03-27 00:00:00+00:00,27.950000762939453,28.139999389648438,27.75,27.93000030517578,12.718708038330078,228500.0
2002-03-28 00:00:00+00:00,28.25,28.3700008392334,27.979999542236328,28.18000030517578,12.832549095153809,33500.0
2002-03-29 00:00:00+00:00,,,,,,
2002-04-01 00:00:00+00:00,27.899999618530273,27.93000030517578,27.700000762939453,27.889999389648438,12.700488090515137,36300.0
2002-04-02 00:00:00+00:00,27.649999618530273,28.049999237060547,27.649999618530273,28.049999237060547,12.773347854614258,35800.0
2002-04-03 00:00:00+00:00,27.950000762939453,28.100000381469727,27.809999465942383,28.049999237060547,12.773347854614258,14600.0
2002-04-04 00:00:00+00:00,28.0,28.190000534057617,27.90999984741211,28.09000015258789,12.791566848754883,24000.0
2002-04-05 00:00:00+00:00,28.25,28.25,27.799999237060547,27.940000534057617,12.72325611114502,12400.0
2002-04-08 00:00:00+00:00,27.899999618530273,27.899999618530273,27.530000686645508,27.739999771118164,12.632183074951172,51500.0
2002-04-09 00:00:00+00:00,27.899999618530273,27.899999618530273,27.149999618530273,27.149999618530273,12.363512992858887,366700.0
2002-04-10 00:00:00+00:00,27.18000030517578,27.719999313354492,27.18000030517578,27.719999313354492,12.623072624206543,25100.0
2002-04-11 00:00:00+00:00,27.440000534057617,27.440000534057617,26.860000610351562,26.889999389648438,12.245107650756836,262600.0
2002-04-12 00:00:00+00:00,26.899999618530273,27.06999969482422,26.649999618530273,27.06999969482422,12.327078819274902,19900.0
2002-04-15 00:00:00+00:00,26.860000610351562,26.860000610351562,26.6200008392334,26.649999618530273,12.13581657409668,101800.0
2002-04-16 00:00:00+00:00,26.950000762939453,27.360000610351562,26.8799991607666,27.299999237060547,12.431816101074219,54200.0
2002-04-17 00:00:00+00:00,27.5,27.610000610351562,27.350000381469727,27.440000534057617,12.495573043823242,41500.0
2002-04-18 00:00:00+00:00,27.450000762939453,27.450000762939453,26.899999618530273,27.3700008392334,12.463687896728516,102200.0
2002-04-19 00:00:00+00:00,27.15999984741211,27.15999984741211,26.950000762939453,27.1299991607666,12.354403495788574,47700.0
2002-04-22 00:00:00+00:00,26.81999969482422,26.850000381469727,26.700000762939453,26.719999313354492,12.167696952819824,18900.0
2002-04-23 00:00:00+00:00,26.799999237060547,27.239999771118164,26.799999237060547,26.850000381469727,12.226900100708008,120000.0
2002-04-24 00:00:00+00:00,26.700000762939453,27.170000076293945,26.700000762939453,26.920000076293945,12.258771896362305,49600.0
2002-04-25 00:00:00+00:00,26.510000228881836,26.920000076293945,26.510000228881836,26.739999771118164,12.176803588867188,37000.0
2002-04-26 00:00:00+00:00,26.530000686645508,26.649999618530273,25.399999618530273,26.309999465942383,11.980992317199707,22300.0
2002-04-29 00:00:00+00:00,26.399999618530273,26.399999618530273,25.920000076293945,25.920000076293945,11.803394317626953,226900.0
2002-04-30 00:00:00+00:00,26.149999618530273,26.489999771118164,26.040000915527344,26.469999313354492,12.053853034973145,56800.0
2002-05-01 00:00:00+00:00,26.309999465942383,26.780000686645508,26.110000610351562,26.719999313354492,12.167696952819824,45300.0
2002-05-02 00:00:00+00:00,26.770000457763672,26.770000457763672,26.450000762939453,26.549999237060547,12.090277671813965,11700.0
2002-05-03 00:00:00+00:00,26.65999984741211,26.65999984741211,26.31999969482422,26.399999618530273,12.021976470947266,25100.0
2002-05-06 00:00:00+00:00,26.5,26.549999237060547,26.25,26.260000228881836,11.95822525024414,73800.0
2002-05-07 00:00:00+00:00,26.09000015258789,26.190000534057617,25.950000762939453,26.0,11.839829444885254,29000.0
2002-05-08 00:00:00+00:00,26.059999465942383,26.459999084472656,26.020000457763672,26.3700008392334,12.008316993713379,34500.0
2002-05-09 00:00:00+00:00,26.219999313354492,26.540000915527344,26.149999618530273,26.149999618530273,11.908132553100586,175700.0
2002-05-10 00:00:00+00:00,26.18000030517578,26.209999084472656,25.530000686645508,25.549999237060547,11.634906768798828,237900.0
2002-05-13 00:00:00+00:00,25.5,25.940000534057617,25.350000381469727,25.860000610351562,11.776076316833496,177200.0
2002-05-14 00:00:00+00:00,26.040000915527344,26.260000228881836,26.0,26.25,11.953673362731934,69000.0
2002-05-15 00:00:00+00:00,26.229999542236328,26.360000610351562,26.100000381469727,26.110000610351562,11.88991641998291,57400.0
2002-05-16 00:00:00+00:00,26.309999465942383,26.420000076293945,26.1299991607666,26.209999084472656,11.935453414916992,13800.0
2002-05-17 00:00:00+00:00,26.020000457763672,26.1200008392334,25.65999984741211,25.959999084472656,11.821606636047363,45600.0
2002-05-20 00:00:00+00:00,25.989999771118164,26.149999618530273,25.860000610351562,26.100000381469727,11.885357856750488,32200.0
2002-05-21 00:00:00+00:00,26.18000030517578,26.56999969482422,26.100000381469727,26.290000915527344,11.971882820129395,54400.0
2002-05-22 00:00:00+00:00,26.40999984741211,26.760000228881836,26.3700008392334,26.760000228881836,12.185906410217285,107100.0
2002-05-23 00:00:00+00:00,26.639999389648438,27.25,26.639999389648438,27.239999771118164,12.404494285583496,35700.0
2002-05-24 00:00:00+00:00,27.149999618530273,27.25,26.959999084472656,26.959999084472656,12.27698802947998,78200.0
2002-05-27 00:00:00+00:00,,,,,,
2002-05-28 00:00:00+00:00,26.899999618530273,27.15999984741211,26.860000610351562,27.149999618530273,12.363512992858887,20900.0
2002-05-29 00:00:00+00:00,26.950000762939453,26.950000762939453,26.6200008392334,26.700000762939453,12.158585548400879,19400.0
2002-05-30 00:00:00+00:00,26.479999542236328,26.649999618530273,26.15999984741211,26.450000762939453,12.044748306274414,51400.0
2002-05-31 00:00:00+00:00,26.299999237060547,26.600000381469727,26.239999771118164,26.25,11.953673362731934,655200.0
2002-06-03 00:00:00+00:00,26.190000534057617,26.309999465942383,25.649999618530273,25.649999618530273,11.680438041687012,425200.0
2002-06-04 00:00:00+00:00,25.510000228881836,25.90999984741211,25.510000228881836,25.739999771118164,11.721428871154785,39800.0
2002-06-05 00:00:00+00:00,25.739999771118164,25.979999542236328,25.5,25.639999389648438,11.675890922546387,27200.0
2002-06-06 00:00:00+00:00,25.670000076293945,25.670000076293945,24.889999389648438,24.889999389648438,11.334354400634766,471100.0
2002-06-07 00:00:00+00:00,24.8700008392334,25.290000915527344,24.850000381469727,25.18000030517578,11.466414451599121,56100.0
2002-06-10 00:00:00+00:00,25.190000534057617,25.510000228881836,25.020000457763672,25.270000457763672,11.507396697998047,47300.0
2002-06-11 00:00:00+00:00,25.399999618530273,25.510000228881836,24.850000381469727,24.850000381469727,11.316140174865723,15700.0
2002-06-12 00:00:00+00:00,25.049999237060547,25.3700008392334,24.920000076293945,25.360000610351562,11.548383712768555,23100.0
2002-06-13 00:00:00+00:00,25.360000610351562,25.549999237060547,25.31999969482422,25.329999923706055,11.534723281860352,14300.0
2002-06-14 00:00:00+00:00,24.729999542236328,25.09000015258789,24.610000610351562,25.010000228881836,11.38900089263916,29100.0
2002-06-17 00:00:00+00:00,25.239999771118164,25.56999969482422,25.239999771118164,25.56999969482422,11.644014358520508,46600.0
2002-06-18 00:00:00+00:00,25.639999389648438,25.829999923706055,25.5,25.760000228881836,11.730533599853516,31000.0
2002-06-19 00:00:00+00:00,25.799999237060547,25.799999237060547,24.969999313354492,25.049999237060547,11.407215118408203,57300.0
2002-06-20 00:00:00+00:00,25.040000915527344,25.040000915527344,24.6200008392334,24.75,11.270604133605957,38900.0
2002-06-21 00:00:00+00:00,24.489999771118164,24.600000381469727,24.25,24.600000381469727,11.310608863830566,61900.0
2002-06-24 00:00:00+00:00,24.479999542236328,24.479999542236328,24.059999465942383,24.190000534057617,11.122096061706543,40400.0
2002-06-25 00:00:00+00:00,24.200000762939453,24.3700008392334,23.969999313354492,24.030000686645508,11.048530578613281,140500.0
2002-06-26 00:00:00+00:00,23.459999084472656,23.899999618530273,23.459999084472656,23.780000686645508,10.933588027954102,30600.0
2002-06-27 00:00:00+00:00,23.84000015258789,24.010000228881836,23.329999923706055,23.760000228881836,10.924388885498047,45200.0
2002-06-28 00:00:00+00:00,23.8799991607666,24.25,23.75,24.25,11.149677276611328,30200.0
2002-07-01 00:00:00+00:00,24.3700008392334,24.3700008392334,23.75,23.75,10.91978931427002,44400.0
2002-07-02 00:00:00+00:00,23.639999389648438,23.75,23.1200008392334,23.25,10.689900398254395,41800.0
2002-07-03 00:00:00+00:00,23.280000686645508,23.350000381469727,22.989999771118164,23.110000610351562,10.625532150268555,32400.0
2002-07-04 00:00:00+00:00,,,,,,
2002-07-05 00:00:00+00:00,23.110000610351562,23.3799991607666,22.979999542236328,23.3799991607666,10.749672889709473,33700.0
2002-07-08 00:00:00+00:00,23.299999237060547,23.459999084472656,23.06999969482422,23.079999923706055,10.611736297607422,26400.0
2002-07-09 00:00:00+00:00,23.059999465942383,23.110000610351562,22.420000076293945,22.469999313354492,10.331270217895508,79500.0
2002-07-10 00:00:00+00:00,22.31999969482422,22.31999969482422,21.170000076293945,21.200000762939453,9.74734878540039,96800.0
2002-07-11 00:00:00+00:00,20.899999618530273,21.940000534057617,20.84000015258789,21.940000534057617,10.087586402893066,63300.0
2002-07-12 00:00:00+00:00,21.360000610351562,21.440000534057617,20.889999389648438,21.1200008392334,9.710563659667969,64900.0
2002-07-15 00:00:00+00:00,20.989999771118164,21.450000762939453,19.649999618530273,21.450000762939453,9.862297058105469,162200.0
2002-07-16 00:00:00+00:00,21.510000228881836,21.510000228881836,20.760000228881836,20.81999969482422,9.572633743286133,127300.0
2002-07-17 00:00:00+00:00,21.299999237060547,21.299999237060547,20.43000030517578,20.43000030517578,9.393319129943848,56700.0
2002-07-18 00:00:00+00:00,20.399999618530273,20.479999542236328,19.950000762939453,19.950000762939453,9.172625541687012,64500.0
2002-07-19 00:00:00+00:00,19.649999618530273,19.649999618530273,18.68000030517578,18.829999923706055,8.657670974731445,171600.0
2002-07-22 00:00:00+00:00,19.100000381469727,19.100000381469727,18.06999969482422,18.3700008392334,8.446172714233398,103800.0
2002-07-23 00:00:00+00:00,18.56999969482422,18.75,16.670000076293945,16.940000534057617,7.7886834144592285,277700.0
2002-07-24 00:00:00+00:00,16.399999618530273,18.450000762939453,16.399999618530273,18.450000762939453,8.482954025268555,380900.0
2002-07-25 00:00:00+00:00,18.5,19.329999923706055,18.010000228881836,19.0,8.735835075378418,270200.0
2002-07-26 00:00:00+00:00,19.360000610351562,19.360000610351562,18.510000228881836,18.75,8.620889663696289,139300.0
2002-07-29 00:00:00+00:00,19.049999237060547,19.25,18.6200008392334,19.049999237060547,8.758821487426758,114500.0
2002-07-30 00:00:00+00:00,19.100000381469727,20.600000381469727,18.90999984741211,20.600000381469727,9.471481323242188,264800.0
2002-07-31 00:00:00+00:00,20.649999618530273,21.530000686645508,20.010000228881836,20.68000030517578,9.508260726928711,186300.0
2002-08-01 00:00:00+00:00,20.799999237060547,21.0,20.0,20.3799991607666,9.370330810546875,187000.0
2002-08-02 00:00:00+00:00,20.329999923706055,20.479999542236328,19.780000686645508,19.979999542236328,9.186420440673828,117800.0
2002-08-05 00:00:00+00:00,19.799999237060547,20.280000686645508,19.6299991607666,19.6299991607666,9.025492668151855,87900.0
2002-08-06 00:00:00+00:00,20.350000381469727,20.559999465942383,20.200000762939453,20.440000534057617,9.397911071777344,147200.0
2002-08-07 00:00:00+00:00,20.600000381469727,20.799999237060547,20.219999313354492,20.59000015258789,9.466882705688477,297900.0
2002-08-08 00:00:00+00:00,20.75,20.969999313354492,20.469999313354492,20.969999313354492,9.6416015625,95200.0
2002-08-09 00:00:00+00:00,21.0,21.15999984741211,20.639999389648438,21.020000457763672,9.664588928222656,103400.0
2002-08-12 00:00:00+00:00,21.0,21.479999542236328,20.850000381469727,21.3799991607666,9.830108642578125,164100.0
2002-08-13 00:00:00+00:00,21.079999923706055,21.350000381469727,20.790000915527344,20.790000915527344,9.558839797973633,110100.0
2002-08-14 00:00:00+00:00,20.989999771118164,21.420000076293945,20.739999771118164,21.420000076293945,9.84849739074707,75300.0
2002-08-15 00:00:00+00:00,21.5,21.690000534057617,21.270000457763672,21.459999084472656,9.866893768310547,169000.0
2002-08-16 00:00:00+00:00,21.65999984741211,21.65999984741211,21.040000915527344,21.1200008392334,9.710563659667969,84000.0
2002-08-19 00:00:00+00:00,21.190000534057617,21.450000762939453,21.06999969482422,21.450000762939453,9.862297058105469,71500.0
2002-08-20 00:00:00+00:00,21.420000076293945,21.68000030517578,21.18000030517578,21.389999389648438,9.834707260131836,53600.0
2002-08-21 00:00:00+00:00,21.6299991607666,22.09000015258789,21.3700008392334,22.049999237060547,10.138160705566406,133900.0
2002-08-22 00:00:00+00:00,22.1299991607666,22.600000381469727,22.1299991607666,22.5,10.345063209533691,113900.0
2002-08-23 00:00:00+00:00,22.5,22.5,22.049999237060547,22.149999618530273,10.184142112731934,75800.0
2002-08-26 00:00:00+00:00,22.350000381469727,22.530000686645508,22.219999313354492,22.5,10.345063209533691,61800.0
2002-08-27 00:00:00+00:00,22.5,22.739999771118164,22.170000076293945,22.280000686645508,10.243912696838379,59200.0
2002-08-28 00:00:00+00:00,22.399999618530273,22.399999618530273,21.850000381469727,22.139999389648438,10.179544448852539,157200.0
2002-08-29 00:00:00+00:00,21.959999084472656,21.979999542236328,21.600000381469727,21.829999923706055,10.037013053894043,105500.0
2002-08-30 00:00:00+00:00,22.0,22.0,21.399999618530273,21.5,9.885286331176758,73200.0
2002-09-02 00:00:00+00:00,,,,,,
2002-09-03 00:00:00+00:00,21.549999237060547,21.549999237060547,20.75,20.90999984741211,9.614014625549316,111700.0
2002-09-04 00:00:00+00:00,21.0,21.0,20.479999542236328,20.780000686645508,9.554242134094238,71300.0
2002-09-05 00:00:00+00:00,20.799999237060547,20.84000015258789,20.56999969482422,20.719999313354492,9.526656150817871,89700.0
2002-09-06 00:00:00+00:00,21.0,21.200000762939453,20.639999389648438,20.719999313354492,9.526656150817871,72900.0
2002-09-09 00:00:00+00:00,20.520000457763672,20.770000457763672,20.149999618530273,20.68000030517578,9.508260726928711,183500.0
2002-09-10 00:00:00+00:00,20.75,20.75,20.100000381469727,20.209999084472656,9.292168617248535,50700.0
2002-09-11 00:00:00+00:00,20.299999237060547,20.399999618530273,20.079999923706055,20.229999542236328,9.301362037658691,87500.0
2002-09-12 00:00:00+00:00,20.049999237060547,20.200000762939453,19.700000762939453,19.709999084472656,9.062278747558594,131700.0
2002-09-13 00:00:00+00:00,19.950000762939453,20.030000686645508,19.56999969482422,20.0,9.195616722106934,84600.0
2002-09-16 00:00:00+00:00,20.229999542236328,20.229999542236328,19.489999771118164,19.770000457763672,9.089863777160645,121500.0
2002-09-17 00:00:00+00:00,19.799999237060547,20.06999969482422,19.030000686645508,19.049999237060547,8.758821487426758,140800.0
2002-09-18 00:00:00+00:00,19.200000762939453,19.829999923706055,18.860000610351562,19.68000030517578,9.048480987548828,192000.0
2002-09-19 00:00:00+00:00,19.68000030517578,19.68000030517578,19.239999771118164,19.270000457763672,8.859971046447754,362200.0
2002-09-20 00:00:00+00:00,18.68000030517578,19.049999237060547,18.260000228881836,18.59000015258789,8.651481628417969,589700.0
2002-09-23 00:00:00+00:00,18.649999618530273,18.649999618530273,17.799999237060547,18.100000381469727,8.423445701599121,163300.0
2002-09-24 00:00:00+00:00,17.989999771118164,17.989999771118164,17.440000534057617,17.510000228881836,8.148869514465332,173100.0
2002-09-25 00:00:00+00:00,17.510000228881836,18.209999084472656,17.510000228881836,18.030000686645508,8.390869140625,405200.0
2002-09-26 00:00:00+00:00,18.25,18.739999771118164,18.25,18.739999771118164,8.721290588378906,1633800.0
2002-09-27 00:00:00+00:00,18.93000030517578,18.93000030517578,18.280000686645508,18.420000076293945,8.572364807128906,324600.0
2002-09-30 00:00:00+00:00,18.100000381469727,18.700000762939453,18.0,18.670000076293945,8.688712120056152,109500.0
2002-10-01 00:00:00+00:00,18.889999389648438,19.010000228881836,18.360000610351562,18.969999313354492,8.828329086303711,278400.0
2002-10-02 00:00:00+00:00,18.799999237060547,19.110000610351562,18.299999237060547,18.399999618530273,8.563055992126465,369600.0
2002-10-03 00:00:00+00:00,18.850000381469727,18.850000381469727,18.209999084472656,18.299999237060547,8.516518592834473,226600.0
2002-10-04 00:00:00+00:00,18.350000381469727,18.350000381469727,17.399999618530273,17.459999084472656,8.125597953796387,327900.0
2002-10-07 00:00:00+00:00,17.399999618530273,17.84000015258789,17.299999237060547,17.299999237060547,8.051138877868652,261300.0
2002-10-08 00:00:00+00:00,17.549999237060547,17.549999237060547,15.770000457763672,16.649999618530273,7.7486371994018555,3280600.0
2002-10-09 00:00:00+00:00,16.700000762939453,16.700000762939453,15.140000343322754,15.229999542236328,7.087793350219727,966800.0
2002-10-10 00:00:00+00:00,15.239999771118164,16.5,14.899999618530273,16.260000228881836,7.567137718200684,1438800.0
2002-10-11 00:00:00+00:00,16.75,16.850000381469727,16.299999237060547,16.479999542236328,7.669520854949951,1442900.0
2002-10-14 00:00:00+00:00,15.850000381469727,16.5,15.850000381469727,16.450000762939453,7.655559539794922,309300.0
2002-10-15 00:00:00+00:00,16.700000762939453,16.75,16.399999618530273,16.5,7.678829669952393,738700.0
2002-10-16 00:00:00+00:00,16.579999923706055,16.579999923706055,15.800000190734863,15.930000305175781,7.413559436798096,1269800.0
2002-10-17 00:00:00+00:00,16.360000610351562,16.399999618530273,15.84000015258789,16.200000762939453,7.539214611053467,1069300.0
2002-10-18 00:00:00+00:00,16.299999237060547,16.459999084472656,15.720000267028809,16.34000015258789,7.604366302490234,669200.0
2002-10-21 00:00:00+00:00,16.34000015258789,17.350000381469727,16.34000015258789,17.299999237060547,8.051138877868652,1303000.0
2002-10-22 00:00:00+00:00,17.299999237060547,17.68000030517578,16.860000610351562,17.079999923706055,7.948751926422119,1362000.0
2002-10-23 00:00:00+00:00,17.100000381469727,17.5,17.06999969482422,17.389999389648438,8.09302043914795,549800.0
2002-10-24 00:00:00+00:00,17.700000762939453,17.850000381469727,17.149999618530273,17.399999618530273,8.097676277160645,1321000.0
2002-10-25 00:00:00+00:00,17.649999618530273,17.760000228881836,17.200000762939453,17.649999618530273,8.214018821716309,783200.0
2002-10-28 00:00:00+00:00,17.950000762939453,18.209999084472656,17.850000381469727,18.0,8.37690544128418,593500.0
2002-10-29 00:00:00+00:00,18.100000381469727,18.200000762939453,17.559999465942383,17.8799991607666,8.321057319641113,885600.0
2002-10-30 00:00:00+00:00,17.93000030517578,18.280000686645508,17.809999465942383,18.280000686645508,8.507211685180664,315700.0
2002-10-31 00:00:00+00:00,18.399999618530273,18.399999618530273,18.040000915527344,18.239999771118164,8.48859691619873,245700.0
2002-11-01 00:00:00+00:00,18.139999389648438,18.440000534057617,18.1299991607666,18.329999923706055,8.530479431152344,358200.0
2002-11-04 00:00:00+00:00,18.56999969482422,19.280000686645508,18.549999237060547,18.989999771118164,8.837636947631836,565200.0
2002-11-05 00:00:00+00:00,19.079999923706055,19.079999923706055,18.75,18.989999771118164,8.837636947631836,213000.0
2002-11-06 00:00:00+00:00,19.079999923706055,19.389999389648438,19.0,19.389999389648438,9.023787498474121,422200.0
2002-11-07 00:00:00+00:00,19.010000228881836,19.010000228881836,18.299999237060547,18.489999771118164,8.604942321777344,462100.0
2002-11-08 00:00:00+00:00,18.510000228881836,18.59000015258789,17.899999618530273,17.920000076293945,8.33967399597168,316000.0
2002-11-11 00:00:00+00:00,17.899999618530273,17.989999771118164,17.510000228881836,17.719999313354492,8.246598243713379,967200.0
2002-11-12 00:00:00+00:00,17.700000762939453,18.09000015258789,17.299999237060547,17.389999389648438,8.09302043914795,1398000.0
2002-11-13 00:00:00+00:00,17.350000381469727,17.700000762939453,17.309999465942383,17.5,8.144214630126953,810900.0
2002-11-14 00:00:00+00:00,17.799999237060547,17.989999771118164,17.709999084472656,17.889999389648438,8.325714111328125,511600.0
2002-11-15 00:00:00+00:00,17.899999618530273,18.239999771118164,17.850000381469727,18.149999618530273,8.446710586547852,316600.0
2002-11-18 00:00:00+00:00,18.149999618530273,18.489999771118164,18.100000381469727,18.100000381469727,8.423445701599121,294300.0
2002-11-19 00:00:00+00:00,18.149999618530273,18.31999969482422,17.969999313354492,18.200000762939453,8.46998405456543,592800.0
2002-11-20 00:00:00+00:00,18.219999313354492,18.399999618530273,18.0,18.190000534057617,8.465325355529785,358700.0
2002-11-21 00:00:00+00:00,18.399999618530273,18.65999984741211,18.309999465942383,18.5,8.60959243774414,597900.0
2002-11-22 00:00:00+00:00,18.5,19.100000381469727,18.450000762939453,19.020000457763672,8.85159683227539,763900.0
2002-11-25 00:00:00+00:00,19.100000381469727,19.3799991607666,18.799999237060547,19.059999465942383,8.870209693908691,820600.0
2002-11-26 00:00:00+00:00,19.020000457763672,19.15999984741211,18.559999465942383,18.579999923706055,8.646827697753906,741400.0
2002-11-27 00:00:00+00:00,18.739999771118164,18.8700008392334,18.450000762939453,18.690000534057617,8.698019027709961,167900.0
2002-11-28 00:00:00+00:00,,,,,,
2002-11-29 00:00:00+00:00,18.760000228881836,18.799999237060547,18.520000457763672,18.770000457763672,8.735249519348145,113400.0
2002-12-02 00:00:00+00:00,18.850000381469727,18.940000534057617,18.3700008392334,18.489999771118164,8.604942321777344,222300.0
2002-12-03 00:00:00+00:00,18.600000381469727,18.850000381469727,18.309999465942383,18.690000534057617,8.698019027709961,307600.0
2002-12-04 00:00:00+00:00,18.75,18.899999618530273,18.239999771118164,18.270000457763672,8.502554893493652,1001900.0
2002-12-05 00:00:00+00:00,18.399999618530273,18.549999237060547,18.040000915527344,18.209999084472656,8.474637985229492,685400.0
2002-12-06 00:00:00+00:00,18.200000762939453,18.25,17.920000076293945,18.190000534057617,8.465325355529785,859000.0
2002-12-09 00:00:00+00:00,18.299999237060547,18.59000015258789,18.25,18.440000534057617,8.581670761108398,1608100.0
2002-12-10 00:00:00+00:00,18.5,18.649999618530273,18.309999465942383,18.579999923706055,8.646827697753906,472500.0
2002-12-11 00:00:00+00:00,18.43000030517578,18.81999969482422,18.399999618530273,18.75,8.725942611694336,272200.0
2002-12-12 00:00:00+00:00,18.850000381469727,18.899999618530273,18.700000762939453,18.809999465942383,8.753868103027344,282200.0
2002-12-13 00:00:00+00:00,19.049999237060547,19.200000762939453,18.8700008392334,19.0,8.842291831970215,952300.0
2002-12-16 00:00:00+00:00,19.149999618530273,19.309999465942383,19.059999465942383,19.299999237060547,8.981904983520508,1112200.0
2002-12-17 00:00:00+00:00,19.399999618530273,19.489999771118164,19.299999237060547,19.31999969482422,8.9912109375,1066200.0
2002-12-18 00:00:00+00:00,19.31999969482422,19.479999542236328,19.209999084472656,19.260000228881836,8.963285446166992,381600.0
2002-12-19 00:00:00+00:00,19.3799991607666,19.450000762939453,19.149999618530273,19.280000686645508,8.972599029541016,330000.0
2002-12-20 00:00:00+00:00,19.200000762939453,19.350000381469727,19.149999618530273,19.25,9.06536865234375,487500.0
2002-12-23 00:00:00+00:00,19.25,19.389999389648438,19.059999465942383,19.170000076293945,9.027698516845703,380000.0
2002-12-24 00:00:00+00:00,19.200000762939453,19.219999313354492,19.049999237060547,19.09000015258789,8.990017890930176,173400.0
2002-12-25 00:00:00+00:00,,,,,,
2002-12-26 00:00:00+00:00,19.239999771118164,19.469999313354492,19.110000610351562,19.209999084472656,9.046533584594727,223600.0
2002-12-27 00:00:00+00:00,19.110000610351562,19.469999313354492,18.920000076293945,19.139999389648438,9.013566017150879,233200.0
2002-12-30 00:00:00+00:00,19.100000381469727,19.260000228881836,18.959999084472656,19.190000534057617,9.037111282348633,389800.0
2002-12-31 00:00:00+00:00,19.299999237060547,19.299999237060547,19.0,19.149999618530273,9.018277168273926,374800.0
2003-01-01 00:00:00+00:00,,,,,,
2003-01-02 00:00:00+00:00,19.3799991607666,19.649999618530273,19.209999084472656,19.600000381469727,9.230193138122559,525000.0
2003-01-03 00:00:00+00:00,19.799999237060547,20.0,19.670000076293945,19.799999237060547,9.324379920959473,620900.0
2003-01-06 00:00:00+00:00,19.75,20.700000762939453,19.75,20.690000534057617,9.743504524230957,2183100.0
2003-01-07 00:00:00+00:00,20.5,20.700000762939453,20.020000457763672,20.239999771118164,9.53158950805664,1411100.0
2003-01-08 00:00:00+00:00,20.299999237060547,20.5,20.100000381469727,20.3799991607666,9.597519874572754,1165500.0
2003-01-09 00:00:00+00:00,20.479999542236328,20.520000457763672,20.229999542236328,20.280000686645508,9.550424575805664,664700.0
2003-01-10 00:00:00+00:00,20.399999618530273,20.399999618530273,20.149999618530273,20.280000686645508,9.550424575805664,560500.0
2003-01-13 00:00:00+00:00,20.549999237060547,20.549999237060547,19.719999313354492,19.850000381469727,9.34792709350586,797600.0
2003-01-14 00:00:00+00:00,19.950000762939453,19.950000762939453,19.649999618530273,19.889999389648438,9.366761207580566,983800.0
2003-01-15 00:00:00+00:00,19.8799991607666,19.950000762939453,19.709999084472656,19.829999923706055,9.338506698608398,405600.0
2003-01-16 00:00:00+00:00,19.940000534057617,20.079999923706055,19.780000686645508,19.799999237060547,9.324379920959473,729600.0
2003-01-17 00:00:00+00:00,19.850000381469727,19.989999771118164,19.600000381469727,19.709999084472656,9.282000541687012,530000.0
2003-01-20 00:00:00+00:00,,,,,,
2003-01-21 00:00:00+00:00,19.75,19.899999618530273,19.299999237060547,19.299999237060547,9.088912963867188,406500.0
2003-01-22 00:00:00+00:00,19.3700008392334,19.399999618530273,18.899999618530273,19.1299991607666,9.008858680725098,826000.0
2003-01-23 00:00:00+00:00,19.25,19.59000015258789,19.25,19.479999542236328,9.173680305480957,415200.0
2003-01-24 00:00:00+00:00,19.229999542236328,19.389999389648438,18.860000610351562,18.979999542236328,8.938217163085938,537900.0
2003-01-27 00:00:00+00:00,18.979999542236328,19.040000915527344,18.219999313354492,18.25,8.594440460205078,388600.0
2003-01-28 00:00:00+00:00,18.5,18.829999923706055,18.399999618530273,18.799999237060547,8.853449821472168,644900.0
2003-01-29 00:00:00+00:00,18.799999237060547,18.950000762939453,18.479999542236328,18.790000915527344,8.84874439239502,479500.0
2003-01-30 00:00:00+00:00,18.969999313354492,18.969999313354492,18.469999313354492,18.489999771118164,8.707466125488281,825900.0
2003-01-31 00:00:00+00:00,18.549999237060547,18.700000762939453,18.420000076293945,18.700000762939453,8.806363105773926,340900.0
2003-02-03 00:00:00+00:00,18.799999237060547,18.84000015258789,18.6200008392334,18.760000228881836,8.834615707397461,285200.0
2003-02-04 00:00:00+00:00,18.690000534057617,18.709999084472656,18.510000228881836,18.670000076293945,8.792231559753418,171700.0
2003-02-05 00:00:00+00:00,18.690000534057617,18.690000534057617,18.260000228881836,18.389999389648438,8.660367965698242,194000.0
2003-02-06 00:00:00+00:00,18.450000762939453,18.459999084472656,18.09000015258789,18.219999313354492,8.58031177520752,271700.0
2003-02-07 00:00:00+00:00,18.299999237060547,18.299999237060547,17.809999465942383,17.899999618530273,8.42961597442627,675700.0
2003-02-10 00:00:00+00:00,17.989999771118164,18.100000381469727,17.799999237060547,17.959999084472656,8.457871437072754,327500.0
2003-02-11 00:00:00+00:00,18.15999984741211,18.190000534057617,17.559999465942383,17.65999984741211,8.3165922164917,516000.0
2003-02-12 00:00:00+00:00,17.700000762939453,17.75,17.0,17.049999237060547,8.02932357788086,709900.0
2003-02-13 00:00:00+00:00,17.020000457763672,17.549999237060547,16.709999084472656,17.290000915527344,8.142351150512695,503200.0
2003-02-14 00:00:00+00:00,17.5,17.579999923706055,17.299999237060547,17.579999923706055,8.278916358947754,413200.0
2003-02-17 00:00:00+00:00,,,,,,
2003-02-18 00:00:00+00:00,17.700000762939453,17.899999618530273,17.6200008392334,17.770000457763672,8.368393898010254,636600.0
2003-02-19 00:00:00+00:00,17.799999237060547,17.940000534057617,17.6299991607666,17.780000686645508,8.373103141784668,749900.0
2003-02-20 00:00:00+00:00,17.8799991607666,18.0,17.729999542236328,17.770000457763672,8.368393898010254,398600.0
2003-02-21 00:00:00+00:00,17.989999771118164,18.170000076293945,17.770000457763672,18.0,8.476710319519043,316800.0
2003-02-24 00:00:00+00:00,18.100000381469727,18.100000381469727,17.799999237060547,17.8799991607666,8.420196533203125,861400.0
2003-02-25 00:00:00+00:00,17.959999084472656,18.100000381469727,17.719999313354492,18.0,8.476710319519043,658200.0
2003-02-26 00:00:00+00:00,18.0,18.0,17.610000610351562,17.690000534057617,8.330718994140625,755000.0
2003-02-27 00:00:00+00:00,17.799999237060547,17.940000534057617,17.649999618530273,17.719999313354492,8.344849586486816,636600.0
2003-02-28 00:00:00+00:00,17.719999313354492,17.93000030517578,17.700000762939453,17.700000762939453,8.335428237915039,987500.0
2003-03-03 00:00:00+00:00,17.899999618530273,18.09000015258789,17.799999237060547,17.81999969482422,8.391942024230957,213700.0
2003-03-04 00:00:00+00:00,17.760000228881836,17.940000534057617,17.649999618530273,17.709999084472656,8.340139389038086,312600.0
2003-03-05 00:00:00+00:00,17.790000915527344,17.899999618530273,17.6299991607666,17.889999389648438,8.424907684326172,239500.0
2003-03-06 00:00:00+00:00,17.950000762939453,17.979999542236328,17.709999084472656,17.889999389648438,8.424907684326172,435600.0
2003-03-07 00:00:00+00:00,17.920000076293945,18.049999237060547,17.75,17.950000762939453,8.45316219329834,421400.0
2003-03-10 00:00:00+00:00,17.940000534057617,17.940000534057617,17.5,17.530000686645508,8.25537395477295,989700.0
2003-03-11 00:00:00+00:00,17.649999618530273,17.780000686645508,17.469999313354492,17.5,8.241244316101074,867000.0
2003-03-12 00:00:00+00:00,17.56999969482422,17.700000762939453,17.389999389648438,17.530000686645508,8.25537395477295,273300.0
2003-03-13 00:00:00+00:00,17.799999237060547,17.940000534057617,17.600000381469727,17.84000015258789,8.401362419128418,429200.0
2003-03-14 00:00:00+00:00,17.940000534057617,18.040000915527344,17.809999465942383,17.90999984741211,8.434328079223633,422600.0
2003-03-17 00:00:00+00:00,18.0,18.31999969482422,17.889999389648438,18.309999465942383,8.622694969177246,460300.0
2003-03-18 00:00:00+00:00,18.350000381469727,18.540000915527344,18.260000228881836,18.520000457763672,8.721593856811523,522300.0
2003-03-19 00:00:00+00:00,18.649999618530273,18.68000030517578,18.3799991607666,18.420000076293945,8.674498558044434,313900.0
2003-03-20 00:00:00+00:00,18.600000381469727,18.700000762939453,18.43000030517578,18.6299991607666,8.773394584655762,534300.0
2003-03-21 00:00:00+00:00,18.600000381469727,18.739999771118164,18.489999771118164,18.739999771118164,8.919515609741211,604600.0
2003-03-24 00:00:00+00:00,18.549999237060547,18.600000381469727,18.219999313354492,18.280000686645508,8.700569152832031,287400.0
2003-03-25 00:00:00+00:00,18.3700008392334,18.690000534057617,18.299999237060547,18.530000686645508,8.819560050964355,318900.0
2003-03-26 00:00:00+00:00,18.729999542236328,18.739999771118164,18.31999969482422,18.3700008392334,8.743409156799316,407800.0
2003-03-27 00:00:00+00:00,18.290000915527344,18.600000381469727,18.209999084472656,18.459999084472656,8.78624439239502,586600.0
2003-03-28 00:00:00+00:00,18.549999237060547,18.59000015258789,18.399999618530273,18.489999771118164,8.80052661895752,294500.0
2003-03-31 00:00:00+00:00,18.5,18.639999389648438,18.270000457763672,18.399999618530273,8.757686614990234,308600.0
2003-04-01 00:00:00+00:00,18.510000228881836,18.579999923706055,18.309999465942383,18.530000686645508,8.819560050964355,496200.0
2003-04-02 00:00:00+00:00,18.84000015258789,18.84000015258789,18.530000686645508,18.540000915527344,8.824321746826172,643100.0
2003-04-03 00:00:00+00:00,18.700000762939453,18.700000762939453,18.40999984741211,18.469999313354492,8.791001319885254,424300.0
2003-04-04 00:00:00+00:00,18.600000381469727,18.75,18.479999542236328,18.700000762939453,8.900476455688477,243600.0
2003-04-07 00:00:00+00:00,19.100000381469727,19.149999618530273,18.6200008392334,18.700000762939453,8.900476455688477,314400.0
2003-04-08 00:00:00+00:00,18.75,18.84000015258789,18.549999237060547,18.579999923706055,8.84335708618164,308000.0
2003-04-09 00:00:00+00:00,18.780000686645508,18.829999923706055,18.459999084472656,18.540000915527344,8.824321746826172,395300.0
2003-04-10 00:00:00+00:00,18.700000762939453,18.700000762939453,18.510000228881836,18.700000762939453,8.900476455688477,192200.0
2003-04-11 00:00:00+00:00,18.860000610351562,18.8700008392334,18.540000915527344,18.639999389648438,8.871916770935059,242900.0
2003-04-14 00:00:00+00:00,18.809999465942383,18.899999618530273,18.649999618530273,18.8799991607666,8.9861478805542,411900.0
2003-04-15 00:00:00+00:00,18.93000030517578,19.950000762939453,18.829999923706055,19.1200008392334,9.100377082824707,341800.0
2003-04-16 00:00:00+00:00,19.25,19.270000457763672,19.0,19.100000381469727,9.090862274169922,298200.0
2003-04-17 00:00:00+00:00,19.200000762939453,19.25,19.020000457763672,19.139999389648438,9.109899520874023,237800.0
2003-04-18 00:00:00+00:00,,,,,,
2003-04-21 00:00:00+00:00,19.350000381469727,19.389999389648438,19.219999313354492,19.31999969482422,9.195569038391113,298800.0
2003-04-22 00:00:00+00:00,19.25,19.610000610351562,19.1200008392334,19.59000015258789,9.324080467224121,370700.0
2003-04-23 00:00:00+00:00,19.649999618530273,19.649999618530273,19.280000686645508,19.59000015258789,9.324080467224121,494400.0
2003-04-24 00:00:00+00:00,19.700000762939453,20.0,19.670000076293945,19.770000457763672,9.409756660461426,626000.0
2003-04-25 00:00:00+00:00,19.889999389648438,19.979999542236328,19.639999389648438,19.719999313354492,9.385957717895508,302900.0
2003-04-28 00:00:00+00:00,19.799999237060547,20.100000381469727,19.799999237060547,19.989999771118164,9.514466285705566,444900.0
2003-04-29 00:00:00+00:00,20.200000762939453,20.239999771118164,19.899999618530273,20.020000457763672,9.5287446975708,1079100.0
2003-04-30 00:00:00+00:00,20.110000610351562,20.15999984741211,19.920000076293945,19.989999771118164,9.514466285705566,363600.0
2003-05-01 00:00:00+00:00,20.0,20.0,19.610000610351562,19.719999313354492,9.385957717895508,865700.0
2003-05-02 00:00:00+00:00,19.799999237060547,19.899999618530273,19.68000030517578,19.8799991607666,9.46211051940918,523900.0
2003-05-05 00:00:00+00:00,20.0,20.09000015258789,19.850000381469727,19.959999084472656,9.500188827514648,506200.0
2003-05-06 00:00:00+00:00,20.149999618530273,20.149999618530273,19.8700008392334,19.93000030517578,9.485904693603516,674200.0
2003-05-07 00:00:00+00:00,20.0,20.0,19.790000915527344,19.899999618530273,9.471628189086914,947900.0
2003-05-08 00:00:00+00:00,19.899999618530273,19.920000076293945,19.75,19.8700008392334,9.457350730895996,276900.0
2003-05-09 00:00:00+00:00,19.920000076293945,20.100000381469727,19.899999618530273,20.0,9.519227981567383,361400.0
2003-05-12 00:00:00+00:00,20.190000534057617,20.239999771118164,19.969999313354492,20.149999618530273,9.590620994567871,214400.0
2003-05-13 00:00:00+00:00,20.219999313354492,20.219999313354492,20.049999237060547,20.190000534057617,9.609657287597656,540900.0
2003-05-14 00:00:00+00:00,20.290000915527344,20.299999237060547,20.1200008392334,20.280000686645508,9.652496337890625,536000.0
2003-05-15 00:00:00+00:00,20.350000381469727,20.670000076293945,20.350000381469727,20.59000015258789,9.800040245056152,889300.0
2003-05-16 00:00:00+00:00,20.690000534057617,21.040000915527344,20.610000610351562,21.020000457763672,10.004706382751465,885700.0
2003-05-19 00:00:00+00:00,20.799999237060547,20.940000534057617,20.68000030517578,20.690000534057617,9.847636222839355,824100.0
2003-05-20 00:00:00+00:00,20.520000457763672,20.899999618530273,20.5,20.780000686645508,9.890472412109375,522100.0
2003-05-21 00:00:00+00:00,20.84000015258789,20.84000015258789,20.600000381469727,20.729999542236328,9.86667537689209,604200.0
2003-05-22 00:00:00+00:00,20.829999923706055,21.170000076293945,20.75,21.100000381469727,10.042787551879883,2864400.0
2003-05-23 00:00:00+00:00,21.239999771118164,22.09000015258789,21.170000076293945,21.899999618530273,10.42354965209961,2234900.0
2003-05-26 00:00:00+00:00,,,,,,
2003-05-27 00:00:00+00:00,21.75,22.31999969482422,21.75,22.219999313354492,10.575860023498535,1273700.0
2003-05-28 00:00:00+00:00,22.420000076293945,22.420000076293945,22.100000381469727,22.1200008392334,10.528263092041016,1448900.0
2003-05-29 00:00:00+00:00,22.270000457763672,22.389999389648438,21.649999618530273,21.790000915527344,10.371194839477539,1633900.0
2003-05-30 00:00:00+00:00,21.93000030517578,22.149999618530273,21.020000457763672,22.010000228881836,10.475902557373047,1231200.0
2003-06-02 00:00:00+00:00,22.299999237060547,22.350000381469727,22.100000381469727,22.200000762939453,10.5663423538208,1182200.0
2003-06-03 00:00:00+00:00,22.270000457763672,22.3799991607666,22.100000381469727,22.290000915527344,10.60917854309082,483400.0
2003-06-04 00:00:00+00:00,22.350000381469727,22.6299991607666,22.260000228881836,22.600000381469727,10.756723403930664,1138600.0
2003-06-05 00:00:00+00:00,22.479999542236328,22.649999618530273,22.25,22.34000015258789,10.632975578308105,907600.0
2003-06-06 00:00:00+00:00,22.700000762939453,22.700000762939453,22.100000381469727,22.100000381469727,10.518745422363281,860100.0
2003-06-09 00:00:00+00:00,22.100000381469727,22.229999542236328,22.010000228881836,22.079999923706055,10.509224891662598,952400.0
2003-06-10 00:00:00+00:00,22.25,22.25,22.049999237060547,22.18000030517578,10.556818962097168,426300.0
2003-06-11 00:00:00+00:00,22.18000030517578,22.389999389648438,22.100000381469727,22.350000381469727,10.637728691101074,613600.0
2003-06-12 00:00:00+00:00,22.440000534057617,22.6200008392334,22.280000686645508,22.6200008392334,10.76624584197998,659500.0
2003-06-13 00:00:00+00:00,22.649999618530273,22.690000534057617,22.209999084472656,22.31999969482422,10.623456954956055,421100.0
2003-06-16 00:00:00+00:00,22.399999618530273,22.75,22.399999618530273,22.75,10.828115463256836,836800.0
2003-06-17 00:00:00+00:00,22.950000762939453,22.950000762939453,22.579999923706055,22.639999389648438,10.775761604309082,1619100.0
2003-06-18 00:00:00+00:00,22.65999984741211,22.770000457763672,22.510000228881836,22.75,10.828115463256836,343300.0
2003-06-19 00:00:00+00:00,22.950000762939453,22.950000762939453,22.709999084472656,22.81999969482422,10.861432075500488,533100.0
2003-06-20 00:00:00+00:00,22.790000915527344,22.809999465942383,22.520000457763672,22.520000457763672,10.81007194519043,445500.0
2003-06-23 00:00:00+00:00,22.5,22.520000457763672,22.190000534057617,22.280000686645508,10.694862365722656,515500.0
2003-06-24 00:00:00+00:00,22.329999923706055,22.329999923706055,21.959999084472656,22.139999389648438,10.627662658691406,658500.0
2003-06-25 00:00:00+00:00,22.200000762939453,22.399999618530273,22.06999969482422,22.100000381469727,10.608460426330566,353500.0
2003-06-26 00:00:00+00:00,22.200000762939453,22.31999969482422,22.1200008392334,22.309999465942383,10.709269523620605,379300.0
2003-06-27 00:00:00+00:00,22.290000915527344,22.31999969482422,22.010000228881836,22.020000457763672,10.570058822631836,245800.0
2003-06-30 00:00:00+00:00,22.299999237060547,22.299999237060547,22.020000457763672,22.1200008392334,10.618062019348145,185200.0
2003-07-01 00:00:00+00:00,21.989999771118164,22.139999389648438,21.700000762939453,21.969999313354492,10.546066284179688,688400.0
2003-07-02 00:00:00+00:00,21.93000030517578,22.18000030517578,21.899999618530273,22.1299991607666,10.622865676879883,315100.0
2003-07-03 00:00:00+00:00,22.1299991607666,22.25,21.920000076293945,22.0,10.560462951660156,295900.0
2003-07-04 00:00:00+00:00,,,,,,
2003-07-07 00:00:00+00:00,22.0,22.18000030517578,22.0,22.040000915527344,10.579660415649414,216000.0
2003-07-08 00:00:00+00:00,22.030000686645508,22.059999465942383,21.790000915527344,21.8700008392334,10.49806022644043,477400.0
2003-07-09 00:00:00+00:00,21.760000228881836,21.950000762939453,21.649999618530273,21.709999084472656,10.421258926391602,390900.0
2003-07-10 00:00:00+00:00,21.709999084472656,21.709999084472656,21.1200008392334,21.31999969482422,10.234048843383789,609200.0
2003-07-11 00:00:00+00:00,21.350000381469727,21.469999313354492,21.25,21.450000762939453,10.2964506149292,507000.0
2003-07-14 00:00:00+00:00,21.579999923706055,21.670000076293945,21.299999237060547,21.420000076293945,10.282049179077148,262400.0
2003-07-15 00:00:00+00:00,21.3799991607666,21.399999618530273,21.0,21.0,10.080440521240234,1196700.0
2003-07-16 00:00:00+00:00,21.149999618530273,21.149999618530273,20.56999969482422,20.649999618530273,9.912434577941895,587500.0
2003-07-17 00:00:00+00:00,20.649999618530273,20.799999237060547,20.5,20.600000381469727,9.888435363769531,389600.0
2003-07-18 00:00:00+00:00,20.850000381469727,21.0,20.709999084472656,20.920000076293945,10.042040824890137,203400.0
2003-07-21 00:00:00+00:00,20.989999771118164,20.989999771118164,20.510000228881836,20.6200008392334,9.898036003112793,327700.0
2003-07-22 00:00:00+00:00,20.719999313354492,21.049999237060547,20.56999969482422,20.969999313354492,10.066035270690918,351600.0
2003-07-23 00:00:00+00:00,20.989999771118164,21.0,20.760000228881836,20.84000015258789,10.003634452819824,292100.0
2003-07-24 00:00:00+00:00,20.899999618530273,21.100000381469727,20.809999465942383,20.829999923706055,9.998839378356934,340500.0
2003-07-25 00:00:00+00:00,20.979999542236328,21.06999969482422,20.799999237060547,21.0,10.080440521240234,335000.0
2003-07-28 00:00:00+00:00,21.149999618530273,21.149999618530273,20.770000457763672,20.850000381469727,10.008437156677246,285000.0
2003-07-29 00:00:00+00:00,21.1200008392334,21.1200008392334,20.649999618530273,20.760000228881836,9.965232849121094,775900.0
2003-07-30 00:00:00+00:00,20.959999084472656,20.959999084472656,20.610000610351562,20.610000610351562,9.893232345581055,501200.0
2003-07-31 00:00:00+00:00,20.700000762939453,20.860000610351562,20.600000381469727,20.639999389648438,9.907635688781738,1005800.0
2003-08-01 00:00:00+00:00,20.760000228881836,20.760000228881836,20.479999542236328,20.549999237060547,9.864432334899902,967500.0
2003-08-04 00:00:00+00:00,20.639999389648438,20.639999389648438,20.270000457763672,20.549999237060547,9.864432334899902,222100.0
2003-08-05 00:00:00+00:00,20.600000381469727,20.600000381469727,20.170000076293945,20.229999542236328,9.710824966430664,588800.0
2003-08-06 00:00:00+00:00,20.149999618530273,20.540000915527344,20.1200008392334,20.350000381469727,9.76842975616455,640400.0
2003-08-07 00:00:00+00:00,20.559999465942383,20.600000381469727,20.299999237060547,20.540000915527344,9.859635353088379,440800.0
2003-08-08 00:00:00+00:00,20.510000228881836,20.690000534057617,20.5,20.639999389648438,9.907635688781738,276000.0
2003-08-11 00:00:00+00:00,20.729999542236328,20.770000457763672,20.510000228881836,20.639999389648438,9.907635688781738,284000.0
2003-08-12 00:00:00+00:00,20.739999771118164,20.920000076293945,20.610000610351562,20.920000076293945,10.042040824890137,393900.0
2003-08-13 00:00:00+00:00,20.989999771118164,20.989999771118164,20.709999084472656,20.719999313354492,9.946035385131836,641900.0
2003-08-14 00:00:00+00:00,20.81999969482422,20.989999771118164,20.709999084472656,20.799999237060547,9.9844388961792,155200.0
2003-08-15 00:00:00+00:00,20.899999618530273,20.93000030517578,20.649999618530273,20.760000228881836,9.965232849121094,95900.0
2003-08-18 00:00:00+00:00,20.920000076293945,20.920000076293945,20.6299991607666,20.709999084472656,9.941238403320312,234300.0
2003-08-19 00:00:00+00:00,20.84000015258789,20.84000015258789,20.56999969482422,20.729999542236328,9.950835227966309,409700.0
2003-08-20 00:00:00+00:00,20.850000381469727,20.950000762939453,20.6200008392334,20.93000030517578,10.04684066772461,586500.0
2003-08-21 00:00:00+00:00,20.8700008392334,21.100000381469727,20.81999969482422,21.010000228881836,10.085241317749023,565700.0
2003-08-22 00:00:00+00:00,21.020000457763672,21.100000381469727,20.719999313354492,20.719999313354492,9.946035385131836,568400.0
2003-08-25 00:00:00+00:00,20.6299991607666,20.8799991607666,20.6299991607666,20.81999969482422,9.994034767150879,210100.0
2003-08-26 00:00:00+00:00,20.889999389648438,21.0,20.739999771118164,20.8799991607666,10.022836685180664,241900.0
2003-08-27 00:00:00+00:00,20.799999237060547,20.989999771118164,20.799999237060547,20.950000762939453,10.056438446044922,442500.0
2003-08-28 00:00:00+00:00,20.850000381469727,21.030000686645508,20.850000381469727,21.0,10.080440521240234,527900.0
2003-08-29 00:00:00+00:00,21.0,21.049999237060547,20.8799991607666,21.049999237060547,10.104443550109863,530300.0
2003-09-01 00:00:00+00:00,,,,,,
2003-09-02 00:00:00+00:00,20.969999313354492,21.440000534057617,20.969999313354492,21.440000534057617,10.291651725769043,960500.0
2003-09-03 00:00:00+00:00,21.3799991607666,21.579999923706055,21.3799991607666,21.510000228881836,10.325252532958984,963200.0
2003-09-04 00:00:00+00:00,21.559999465942383,21.600000381469727,21.459999084472656,21.520000457763672,10.330053329467773,992600.0
2003-09-05 00:00:00+00:00,21.639999389648438,21.65999984741211,21.40999984741211,21.479999542236328,10.310851097106934,929000.0
2003-09-08 00:00:00+00:00,21.600000381469727,21.729999542236328,21.450000762939453,21.639999389648438,10.387656211853027,666400.0
2003-09-09 00:00:00+00:00,21.829999923706055,21.829999923706055,21.510000228881836,21.59000015258789,10.363655090332031,354900.0
2003-09-10 00:00:00+00:00,21.59000015258789,21.65999984741211,21.479999542236328,21.559999465942383,10.349252700805664,336100.0
2003-09-11 00:00:00+00:00,21.739999771118164,21.739999771118164,21.5,21.5,10.320449829101562,1398900.0
2003-09-12 00:00:00+00:00,21.5,21.700000762939453,21.420000076293945,21.65999984741211,10.397252082824707,2120500.0
2003-09-15 00:00:00+00:00,21.739999771118164,21.739999771118164,21.479999542236328,21.540000915527344,10.339654922485352,567800.0
2003-09-16 00:00:00+00:00,21.600000381469727,21.770000457763672,21.510000228881836,21.729999542236328,10.430863380432129,148100.0
2003-09-17 00:00:00+00:00,21.75,21.770000457763672,21.600000381469727,21.670000076293945,10.402057647705078,504400.0
2003-09-18 00:00:00+00:00,21.709999084472656,21.969999313354492,21.670000076293945,21.90999984741211,10.517264366149902,247000.0
2003-09-19 00:00:00+00:00,21.770000457763672,21.84000015258789,21.649999618530273,21.75,10.53421401977539,239500.0
2003-09-22 00:00:00+00:00,21.8799991607666,21.8799991607666,21.510000228881836,21.6299991607666,10.476092338562012,334500.0
2003-09-23 00:00:00+00:00,21.639999389648438,21.850000381469727,21.56999969482422,21.729999542236328,10.524532318115234,192400.0
2003-09-24 00:00:00+00:00,21.770000457763672,21.770000457763672,21.450000762939453,21.469999313354492,10.398597717285156,288100.0
2003-09-25 00:00:00+00:00,21.479999542236328,21.65999984741211,21.450000762939453,21.510000228881836,10.417972564697266,243800.0
2003-09-26 00:00:00+00:00,21.5,21.75,21.3700008392334,21.709999084472656,10.514841079711914,934400.0
2003-09-29 00:00:00+00:00,21.65999984741211,21.940000534057617,21.649999618530273,21.940000534057617,10.626232147216797,253200.0
2003-09-30 00:00:00+00:00,21.75,21.899999618530273,21.6299991607666,21.899999618530273,10.606863021850586,175200.0
2003-10-01 00:00:00+00:00,21.969999313354492,22.0,21.610000610351562,21.93000030517578,10.621393203735352,785300.0
2003-10-02 00:00:00+00:00,21.899999618530273,22.149999618530273,21.899999618530273,22.139999389648438,10.723100662231445,192000.0
2003-10-03 00:00:00+00:00,22.170000076293945,22.34000015258789,22.100000381469727,22.190000534057617,10.74731731414795,332200.0
2003-10-06 00:00:00+00:00,22.25,22.25,22.100000381469727,22.15999984741211,10.732783317565918,175800.0
2003-10-07 00:00:00+00:00,22.100000381469727,22.200000762939453,21.93000030517578,22.09000015258789,10.698882102966309,378000.0
2003-10-08 00:00:00+00:00,22.15999984741211,22.190000534057617,21.959999084472656,22.010000228881836,10.660137176513672,548100.0
2003-10-09 00:00:00+00:00,22.100000381469727,22.219999313354492,22.010000228881836,22.049999237060547,10.679512023925781,399400.0
2003-10-10 00:00:00+00:00,22.270000457763672,22.270000457763672,21.93000030517578,21.979999542236328,10.645607948303223,203900.0
2003-10-13 00:00:00+00:00,21.969999313354492,22.18000030517578,21.899999618530273,22.1200008392334,10.713417053222656,340100.0
2003-10-14 00:00:00+00:00,22.079999923706055,22.200000762939453,22.010000228881836,22.18000030517578,10.742475509643555,496300.0
2003-10-15 00:00:00+00:00,22.25,22.25,21.8700008392334,21.899999618530273,10.606863021850586,845500.0
2003-10-16 00:00:00+00:00,21.889999389648438,22.059999465942383,21.8799991607666,22.0,10.655296325683594,392300.0
2003-10-17 00:00:00+00:00,22.25,22.25,21.860000610351562,21.860000610351562,10.58749008178711,190600.0
2003-10-20 00:00:00+00:00,22.010000228881836,22.010000228881836,21.829999923706055,21.969999313354492,10.640768051147461,203400.0
2003-10-21 00:00:00+00:00,22.0,22.110000610351562,21.899999618530273,21.940000534057617,10.626232147216797,349500.0
2003-10-22 00:00:00+00:00,22.049999237060547,22.170000076293945,21.899999618530273,21.93000030517578,10.621393203735352,308900.0
2003-10-23 00:00:00+00:00,21.989999771118164,22.049999237060547,21.809999465942383,21.969999313354492,10.640768051147461,414800.0
2003-10-24 00:00:00+00:00,22.030000686645508,22.139999389648438,21.809999465942383,21.899999618530273,10.606863021850586,436400.0
2003-10-27 00:00:00+00:00,22.0,22.149999618530273,21.90999984741211,21.989999771118164,10.650449752807617,331900.0
2003-10-28 00:00:00+00:00,22.0,22.139999389648438,21.760000228881836,21.93000030517578,10.621393203735352,917100.0
2003-10-29 00:00:00+00:00,21.93000030517578,22.049999237060547,21.84000015258789,21.90999984741211,10.61170768737793,471200.0
2003-10-30 00:00:00+00:00,22.239999771118164,22.25,21.920000076293945,22.09000015258789,10.698882102966309,408500.0
2003-10-31 00:00:00+00:00,22.18000030517578,22.190000534057617,21.950000762939453,22.049999237060547,10.679512023925781,206500.0
2003-11-03 00:00:00+00:00,22.170000076293945,22.25,22.020000457763672,22.15999984741211,10.732783317565918,352800.0
2003-11-04 00:00:00+00:00,22.170000076293945,22.290000915527344,21.959999084472656,22.049999237060547,10.679512023925781,319100.0
2003-11-05 00:00:00+00:00,22.040000915527344,22.09000015258789,21.850000381469727,22.040000915527344,10.674670219421387,248100.0
2003-11-06 00:00:00+00:00,22.200000762939453,22.200000762939453,21.809999465942383,21.950000762939453,10.631081581115723,455600.0
2003-11-07 00:00:00+00:00,21.959999084472656,22.030000686645508,21.760000228881836,21.809999465942383,10.563270568847656,341100.0
2003-11-10 00:00:00+00:00,21.940000534057617,21.989999771118164,21.760000228881836,21.760000228881836,10.539055824279785,915100.0
2003-11-11 00:00:00+00:00,21.760000228881836,21.84000015258789,21.700000762939453,21.780000686645508,10.548745155334473,531800.0
2003-11-12 00:00:00+00:00,21.790000915527344,21.920000076293945,21.770000457763672,21.829999923706055,10.572957992553711,609000.0
2003-11-13 00:00:00+00:00,21.8700008392334,21.920000076293945,21.760000228881836,21.860000610351562,10.58749008178711,672600.0
2003-11-14 00:00:00+00:00,21.809999465942383,21.969999313354492,21.809999465942383,21.829999923706055,10.572957992553711,674000.0
2003-11-17 00:00:00+00:00,21.760000228881836,21.799999237060547,21.520000457763672,21.649999618530273,10.485777854919434,880400.0
2003-11-18 00:00:00+00:00,21.760000228881836,21.950000762939453,21.260000228881836,21.260000228881836,10.29688835144043,296000.0
2003-11-19 00:00:00+00:00,21.270000457763672,22.399999618530273,21.25,21.530000686645508,10.427664756774902,690800.0
2003-11-20 00:00:00+00:00,21.639999389648438,21.700000762939453,21.350000381469727,21.479999542236328,10.403443336486816,931200.0
2003-11-21 00:00:00+00:00,21.3799991607666,21.540000915527344,21.350000381469727,21.440000534057617,10.384072303771973,483100.0
2003-11-24 00:00:00+00:00,21.579999923706055,21.809999465942383,21.549999237060547,21.770000457763672,10.543903350830078,1128500.0
2003-11-25 00:00:00+00:00,21.829999923706055,21.920000076293945,21.700000762939453,21.889999389648438,10.602022171020508,325100.0
2003-11-26 00:00:00+00:00,21.860000610351562,22.100000381469727,21.850000381469727,22.049999237060547,10.679512023925781,471000.0
2003-11-27 00:00:00+00:00,,,,,,
2003-11-28 00:00:00+00:00,22.09000015258789,22.100000381469727,21.979999542236328,22.100000381469727,10.70372486114502,254100.0
2003-12-01 00:00:00+00:00,22.190000534057617,22.229999542236328,22.0,22.15999984741211,10.732783317565918,390000.0
2003-12-02 00:00:00+00:00,22.030000686645508,22.260000228881836,22.030000686645508,22.200000762939453,10.752161979675293,275000.0
2003-12-03 00:00:00+00:00,22.34000015258789,22.34000015258789,22.110000610351562,22.15999984741211,10.732783317565918,291000.0
2003-12-04 00:00:00+00:00,22.15999984741211,22.239999771118164,22.059999465942383,22.209999084472656,10.757004737854004,480300.0
2003-12-05 00:00:00+00:00,22.260000228881836,22.489999771118164,22.200000762939453,22.329999923706055,10.815119743347168,419600.0
2003-12-08 00:00:00+00:00,22.389999389648438,22.479999542236328,22.299999237060547,22.389999389648438,10.844182968139648,301900.0
2003-12-09 00:00:00+00:00,22.489999771118164,22.540000915527344,22.200000762939453,22.200000762939453,10.752161979675293,297200.0
2003-12-10 00:00:00+00:00,22.350000381469727,22.799999237060547,22.25,22.299999237060547,10.800593376159668,126600.0
2003-12-11 00:00:00+00:00,22.290000915527344,22.450000762939453,22.260000228881836,22.399999618530273,10.849030494689941,1090600.0
2003-12-12 00:00:00+00:00,22.549999237060547,22.549999237060547,22.299999237060547,22.450000762939453,10.873247146606445,960100.0
2003-12-15 00:00:00+00:00,22.690000534057617,22.700000762939453,22.3700008392334,22.3700008392334,10.834500312805176,359600.0
2003-12-16 00:00:00+00:00,22.600000381469727,22.639999389648438,22.40999984741211,22.510000228881836,10.902304649353027,1483500.0
2003-12-17 00:00:00+00:00,22.56999969482422,22.700000762939453,22.399999618530273,22.610000610351562,10.950732231140137,1753100.0
2003-12-18 00:00:00+00:00,22.8799991607666,22.950000762939453,22.6299991607666,22.899999618530273,11.091192245483398,2825600.0
2003-12-19 00:00:00+00:00,22.81999969482422,22.950000762939453,22.610000610351562,22.739999771118164,11.116621017456055,468600.0
2003-12-22 00:00:00+00:00,22.940000534057617,22.950000762939453,22.709999084472656,22.950000762939453,11.219274520874023,241800.0
2003-12-23 00:00:00+00:00,23.1299991607666,23.139999389648438,22.979999542236328,23.06999969482422,11.277939796447754,421900.0
2003-12-24 00:00:00+00:00,23.239999771118164,23.239999771118164,23.010000228881836,23.110000610351562,11.297490119934082,125200.0
2003-12-25 00:00:00+00:00,,,,,,
2003-12-26 00:00:00+00:00,23.100000381469727,23.200000762939453,23.06999969482422,23.139999389648438,11.312158584594727,165300.0
2003-12-29 00:00:00+00:00,23.0,23.31999969482422,23.0,23.309999465942383,11.395256042480469,219100.0
2003-12-30 00:00:00+00:00,23.3799991607666,23.43000030517578,23.280000686645508,23.3700008392334,11.424590110778809,180800.0
2003-12-31 00:00:00+00:00,23.479999542236328,23.479999542236328,23.209999084472656,23.329999923706055,11.405043601989746,562900.0
2004-01-01 00:00:00+00:00,,,,,,
2004-01-02 00:00:00+00:00,23.399999618530273,23.489999771118164,23.200000762939453,23.270000457763672,11.375703811645508,202400.0
2004-01-05 00:00:00+00:00,23.40999984741211,23.440000534057617,23.100000381469727,23.309999465942383,11.395256042480469,409400.0
2004-01-06 00:00:00+00:00,23.399999618530273,23.399999618530273,23.110000610351562,23.260000228881836,11.370821952819824,187700.0
2004-01-07 00:00:00+00:00,23.399999618530273,23.399999618530273,23.170000076293945,23.3799991607666,11.429485321044922,451500.0
2004-01-08 00:00:00+00:00,23.450000762939453,23.450000762939453,23.299999237060547,23.3700008392334,11.424590110778809,234400.0
2004-01-09 00:00:00+00:00,23.329999923706055,23.420000076293945,23.25,23.290000915527344,11.38548469543457,641900.0
2004-01-12 00:00:00+00:00,23.34000015258789,23.3700008392334,23.18000030517578,23.280000686645508,11.380599975585938,554700.0
2004-01-13 00:00:00+00:00,23.290000915527344,23.31999969482422,23.1299991607666,23.170000076293945,11.326823234558105,915500.0
2004-01-14 00:00:00+00:00,23.290000915527344,23.450000762939453,23.200000762939453,23.450000762939453,11.463703155517578,275300.0
2004-01-15 00:00:00+00:00,23.489999771118164,23.5,23.25,23.3700008392334,11.424590110778809,256000.0
2004-01-16 00:00:00+00:00,23.5,23.5,23.25,23.329999923706055,11.405043601989746,652500.0
2004-01-19 00:00:00+00:00,,,,,,
2004-01-20 00:00:00+00:00,23.280000686645508,23.540000915527344,23.260000228881836,23.5,11.48814582824707,356900.0
2004-01-21 00:00:00+00:00,23.450000762939453,23.959999084472656,23.420000076293945,23.90999984741211,11.688576698303223,1623800.0
2004-01-22 00:00:00+00:00,24.0,24.040000915527344,23.780000686645508,24.0,11.732573509216309,271900.0
2004-01-23 00:00:00+00:00,24.1200008392334,24.1200008392334,23.75,23.790000915527344,11.62991714477539,283600.0
2004-01-26 00:00:00+00:00,23.84000015258789,23.8799991607666,23.5,23.649999618530273,11.561471939086914,614500.0
2004-01-27 00:00:00+00:00,23.850000381469727,23.850000381469727,23.549999237060547,23.56999969482422,11.522361755371094,332400.0
2004-01-28 00:00:00+00:00,23.530000686645508,23.989999771118164,23.530000686645508,23.65999984741211,11.566365242004395,408300.0
2004-01-29 00:00:00+00:00,23.860000610351562,23.950000762939453,23.649999618530273,23.850000381469727,11.659247398376465,706400.0
2004-01-30 00:00:00+00:00,23.940000534057617,23.989999771118164,23.65999984741211,23.809999465942383,11.639689445495605,205100.0
2004-02-02 00:00:00+00:00,23.989999771118164,23.989999771118164,23.65999984741211,23.670000076293945,11.57125186920166,226500.0
2004-02-03 00:00:00+00:00,23.700000762939453,23.8799991607666,23.600000381469727,23.8799991607666,11.67391300201416,240300.0
2004-02-04 00:00:00+00:00,23.989999771118164,23.989999771118164,23.40999984741211,23.489999771118164,11.483257293701172,755700.0
2004-02-05 00:00:00+00:00,23.540000915527344,23.610000610351562,23.309999465942383,23.350000381469727,11.414815902709961,652700.0
2004-02-06 00:00:00+00:00,23.549999237060547,23.600000381469727,23.350000381469727,23.549999237060547,11.512589454650879,408300.0
2004-02-09 00:00:00+00:00,23.719999313354492,23.719999313354492,23.520000457763672,23.690000534057617,11.581034660339355,1622000.0
2004-02-10 00:00:00+00:00,23.489999771118164,23.889999389648438,23.489999771118164,23.889999389648438,11.678801536560059,328400.0
2004-02-11 00:00:00+00:00,23.809999465942383,24.0,23.670000076293945,23.8700008392334,11.669023513793945,195800.0
2004-02-12 00:00:00+00:00,23.84000015258789,24.010000228881836,23.799999237060547,23.799999237060547,11.634805679321289,254500.0
2004-02-13 00:00:00+00:00,23.899999618530273,23.93000030517578,23.65999984741211,23.770000457763672,11.620137214660645,257800.0
2004-02-16 00:00:00+00:00,,,,,,
2004-02-17 00:00:00+00:00,23.899999618530273,24.010000228881836,23.799999237060547,23.950000762939453,11.708130836486816,469900.0
2004-02-18 00:00:00+00:00,23.93000030517578,24.09000015258789,23.93000030517578,24.030000686645508,11.747241973876953,288400.0
2004-02-19 00:00:00+00:00,24.100000381469727,24.139999389648438,23.799999237060547,23.8700008392334,11.669023513793945,579200.0
2004-02-20 00:00:00+00:00,23.899999618530273,23.950000762939453,23.559999465942383,23.639999389648438,11.556589126586914,346500.0
2004-02-23 00:00:00+00:00,23.549999237060547,23.829999923706055,23.549999237060547,23.729999542236328,11.600582122802734,321100.0
2004-02-24 00:00:00+00:00,23.860000610351562,23.860000610351562,23.520000457763672,23.600000381469727,11.537031173706055,226800.0
2004-02-25 00:00:00+00:00,23.649999618530273,23.90999984741211,23.6200008392334,23.84000015258789,11.6543550491333,453100.0
2004-02-26 00:00:00+00:00,23.809999465942383,24.020000457763672,23.809999465942383,24.0,11.732573509216309,298500.0
2004-02-27 00:00:00+00:00,23.940000534057617,24.280000686645508,23.940000534057617,24.260000228881836,11.85968017578125,501700.0
2004-03-01 00:00:00+00:00,24.459999084472656,24.5,24.260000228881836,24.3799991607666,11.918339729309082,360000.0
2004-03-02 00:00:00+00:00,24.5,24.5,24.260000228881836,24.270000457763672,11.864564895629883,479800.0
2004-03-03 00:00:00+00:00,24.43000030517578,24.43000030517578,24.110000610351562,24.260000228881836,11.85968017578125,239400.0
2004-03-04 00:00:00+00:00,24.450000762939453,24.450000762939453,24.290000915527344,24.43000030517578,11.942778587341309,248200.0
2004-03-05 00:00:00+00:00,24.399999618530273,24.6200008392334,24.3700008392334,24.6200008392334,12.035664558410645,597700.0
2004-03-08 00:00:00+00:00,24.719999313354492,24.75,24.5,24.549999237060547,12.001445770263672,546500.0
2004-03-09 00:00:00+00:00,24.469999313354492,24.530000686645508,24.360000610351562,24.40999984741211,11.932998657226562,237400.0
2004-03-10 00:00:00+00:00,24.3700008392334,24.520000457763672,24.1299991607666,24.1299991607666,11.796123504638672,288900.0
2004-03-11 00:00:00+00:00,24.25,24.290000915527344,23.780000686645508,23.780000686645508,11.62502670288086,1399100.0
2004-03-12 00:00:00+00:00,23.8700008392334,24.06999969482422,23.799999237060547,24.010000228881836,11.737458229064941,819500.0
2004-03-15 00:00:00+00:00,24.030000686645508,24.1200008392334,23.8799991607666,23.940000534057617,11.703246116638184,1715300.0
2004-03-16 00:00:00+00:00,24.0,24.200000762939453,23.81999969482422,24.170000076293945,11.815680503845215,577900.0
2004-03-17 00:00:00+00:00,24.270000457763672,24.59000015258789,24.25,24.549999237060547,12.001445770263672,1074300.0
2004-03-18 00:00:00+00:00,24.350000381469727,24.600000381469727,24.270000457763672,24.440000534057617,11.947670936584473,311100.0
2004-03-19 00:00:00+00:00,24.299999237060547,24.399999618530273,24.100000381469727,24.100000381469727,11.877683639526367,289400.0
2004-03-22 00:00:00+00:00,24.25,24.25,23.780000686645508,23.81999969482422,11.739691734313965,472400.0
2004-03-23 00:00:00+00:00,24.06999969482422,24.06999969482422,23.780000686645508,23.809999465942383,11.734756469726562,464100.0
2004-03-24 00:00:00+00:00,23.989999771118164,23.989999771118164,23.719999313354492,23.860000610351562,11.75940227508545,410800.0
2004-03-25 00:00:00+00:00,23.90999984741211,23.989999771118164,23.799999237060547,23.899999618530273,11.779115676879883,640300.0
2004-03-26 00:00:00+00:00,24.0,24.049999237060547,23.899999618530273,23.979999542236328,11.818540573120117,506800.0
2004-03-29 00:00:00+00:00,24.059999465942383,24.139999389648438,23.8700008392334,24.1299991607666,11.892473220825195,6678900.0
2004-03-30 00:00:00+00:00,24.049999237060547,24.25,24.0,24.219999313354492,11.93682861328125,405500.0
2004-03-31 00:00:00+00:00,24.25,24.3700008392334,24.149999618530273,24.31999969482422,11.986113548278809,687400.0
2004-04-01 00:00:00+00:00,24.3700008392334,24.450000762939453,24.309999465942383,24.389999389648438,12.020613670349121,394000.0
2004-04-02 00:00:00+00:00,24.399999618530273,24.459999084472656,24.229999542236328,24.270000457763672,11.961463928222656,1296300.0
2004-04-05 00:00:00+00:00,24.459999084472656,24.459999084472656,24.25,24.34000015258789,11.99596881866455,637900.0
2004-04-06 00:00:00+00:00,24.299999237060547,24.40999984741211,24.260000228881836,24.350000381469727,12.000901222229004,687700.0
2004-04-07 00:00:00+00:00,24.399999618530273,24.399999618530273,24.100000381469727,24.100000381469727,11.877683639526367,1006600.0
2004-04-08 00:00:00+00:00,24.229999542236328,24.31999969482422,24.040000915527344,24.079999923706055,11.867827415466309,332300.0
2004-04-09 00:00:00+00:00,,,,,,
2004-04-12 00:00:00+00:00,24.100000381469727,24.18000030517578,23.639999389648438,23.700000762939453,11.680549621582031,1040900.0
2004-04-13 00:00:00+00:00,23.670000076293945,23.700000762939453,23.110000610351562,23.270000457763672,11.468619346618652,2677600.0
2004-04-14 00:00:00+00:00,23.0,23.3799991607666,22.950000762939453,23.299999237060547,11.483406066894531,2270000.0
2004-04-15 00:00:00+00:00,23.25,23.600000381469727,23.25,23.43000030517578,11.547477722167969,1630100.0
2004-04-16 00:00:00+00:00,23.420000076293945,23.540000915527344,23.399999618530273,23.510000228881836,11.586902618408203,420700.0
2004-04-19 00:00:00+00:00,23.399999618530273,23.530000686645508,23.350000381469727,23.360000610351562,11.512979507446289,263800.0
2004-04-20 00:00:00+00:00,23.510000228881836,23.520000457763672,23.100000381469727,23.100000381469727,11.384841918945312,1246000.0
2004-04-21 00:00:00+00:00,23.049999237060547,23.280000686645508,23.049999237060547,23.280000686645508,11.473556518554688,525500.0
2004-04-22 00:00:00+00:00,23.329999923706055,23.549999237060547,22.719999313354492,23.540000915527344,11.601689338684082,483800.0
2004-04-23 00:00:00+00:00,23.549999237060547,23.600000381469727,23.360000610351562,23.549999237060547,11.606618881225586,391900.0
2004-04-26 00:00:00+00:00,23.5,23.799999237060547,23.489999771118164,23.6200008392334,11.641117095947266,566800.0
2004-04-27 00:00:00+00:00,23.549999237060547,23.799999237060547,23.510000228881836,23.65999984741211,11.660828590393066,660800.0
2004-04-28 00:00:00+00:00,23.489999771118164,23.709999084472656,23.489999771118164,23.68000030517578,11.670687675476074,770000.0
2004-04-29 00:00:00+00:00,23.6299991607666,23.760000228881836,23.290000915527344,23.309999465942383,11.48833179473877,672000.0
2004-04-30 00:00:00+00:00,23.18000030517578,23.600000381469727,23.020000457763672,23.280000686645508,11.473556518554688,965500.0
2004-05-03 00:00:00+00:00,23.489999771118164,23.489999771118164,23.209999084472656,23.440000534057617,11.55240535736084,554400.0
2004-05-04 00:00:00+00:00,23.43000030517578,23.639999389648438,23.309999465942383,23.530000686645508,11.596762657165527,983400.0
2004-05-05 00:00:00+00:00,23.510000228881836,23.56999969482422,23.329999923706055,23.3700008392334,11.517904281616211,534000.0
2004-05-06 00:00:00+00:00,23.280000686645508,23.459999084472656,23.139999389648438,23.450000762939453,11.557332038879395,2002800.0
2004-05-07 00:00:00+00:00,23.3799991607666,23.3799991607666,22.6200008392334,22.739999771118164,11.20741081237793,2154300.0
2004-05-10 00:00:00+00:00,22.59000015258789,22.649999618530273,22.25,22.420000076293945,11.049699783325195,1876600.0
2004-05-11 00:00:00+00:00,22.450000762939453,22.600000381469727,22.239999771118164,22.360000610351562,11.020132064819336,1455400.0
2004-05-12 00:00:00+00:00,22.200000762939453,22.399999618530273,22.06999969482422,22.34000015258789,11.010266304016113,2095900.0
2004-05-13 00:00:00+00:00,22.139999389648438,22.479999542236328,22.139999389648438,22.43000030517578,11.054627418518066,1013200.0
2004-05-14 00:00:00+00:00,22.229999542236328,22.719999313354492,22.229999542236328,22.549999237060547,11.113768577575684,2174100.0
2004-05-17 00:00:00+00:00,22.3799991607666,22.479999542236328,22.260000228881836,22.309999465942383,10.995488166809082,912800.0
2004-05-18 00:00:00+00:00,22.670000076293945,22.700000762939453,22.5,22.5,11.089125633239746,570600.0
2004-05-19 00:00:00+00:00,22.520000457763672,22.709999084472656,22.34000015258789,22.34000015258789,11.010266304016113,660400.0
2004-05-20 00:00:00+00:00,22.389999389648438,22.68000030517578,22.389999389648438,22.56999969482422,11.123620986938477,626400.0
2004-05-21 00:00:00+00:00,22.549999237060547,22.729999542236328,22.469999313354492,22.540000915527344,11.108841896057129,400700.0
2004-05-24 00:00:00+00:00,22.75,22.899999618530273,22.68000030517578,22.850000381469727,11.261624336242676,637300.0
2004-05-25 00:00:00+00:00,22.8700008392334,23.290000915527344,22.75,23.260000228881836,11.4636869430542,849700.0
2004-05-26 00:00:00+00:00,23.299999237060547,23.479999542236328,23.139999389648438,23.270000457763672,11.468619346618652,747000.0
2004-05-27 00:00:00+00:00,23.399999618530273,23.610000610351562,23.25,23.510000228881836,11.586902618408203,733800.0
2004-05-28 00:00:00+00:00,23.399999618530273,23.6299991607666,23.31999969482422,23.559999465942383,11.611547470092773,500600.0
2004-05-31 00:00:00+00:00,,,,,,
2004-06-01 00:00:00+00:00,23.59000015258789,23.65999984741211,23.40999984741211,23.530000686645508,11.596762657165527,370900.0
2004-06-02 00:00:00+00:00,23.469999313354492,23.65999984741211,23.25,23.56999969482422,11.616477012634277,236400.0
2004-06-03 00:00:00+00:00,23.649999618530273,23.649999618530273,23.31999969482422,23.31999969482422,11.493264198303223,708500.0
2004-06-04 00:00:00+00:00,23.31999969482422,23.5,23.31999969482422,23.399999618530273,11.53268814086914,440400.0
2004-06-07 00:00:00+00:00,23.459999084472656,23.600000381469727,23.350000381469727,23.600000381469727,11.63125991821289,496200.0
2004-06-08 00:00:00+00:00,23.459999084472656,23.56999969482422,23.34000015258789,23.3799991607666,11.522834777832031,1074500.0
2004-06-09 00:00:00+00:00,23.18000030517578,23.459999084472656,23.18000030517578,23.229999542236328,11.448904037475586,830200.0
2004-06-10 00:00:00+00:00,23.200000762939453,23.389999389648438,23.200000762939453,23.389999389648438,11.527763366699219,429000.0
2004-06-11 00:00:00+00:00,,,,,,
2004-06-14 00:00:00+00:00,23.18000030517578,23.360000610351562,23.18000030517578,23.229999542236328,11.448904037475586,638500.0
2004-06-15 00:00:00+00:00,23.270000457763672,23.549999237060547,23.200000762939453,23.329999923706055,11.49819278717041,659500.0
2004-06-16 00:00:00+00:00,23.40999984741211,23.5,23.290000915527344,23.459999084472656,11.562261581420898,713800.0
2004-06-17 00:00:00+00:00,23.420000076293945,23.68000030517578,23.40999984741211,23.6200008392334,11.641117095947266,1193200.0
2004-06-18 00:00:00+00:00,23.3799991607666,23.549999237060547,23.299999237060547,23.540000915527344,11.703264236450195,1409500.0
2004-06-21 00:00:00+00:00,23.670000076293945,23.799999237060547,23.5,23.700000762939453,11.78281307220459,2402200.0
2004-06-22 00:00:00+00:00,23.739999771118164,23.770000457763672,23.559999465942383,23.610000610351562,11.738066673278809,425800.0
2004-06-23 00:00:00+00:00,23.579999923706055,23.829999923706055,23.579999923706055,23.790000915527344,11.827561378479004,537400.0
2004-06-24 00:00:00+00:00,23.81999969482422,23.920000076293945,23.790000915527344,23.8700008392334,11.867325782775879,296500.0
2004-06-25 00:00:00+00:00,23.90999984741211,23.920000076293945,23.690000534057617,23.729999542236328,11.797719955444336,378100.0
2004-06-28 00:00:00+00:00,23.75,24.049999237060547,23.75,23.84000015258789,11.852413177490234,553600.0
2004-06-29 00:00:00+00:00,23.84000015258789,23.850000381469727,23.5,23.65999984741211,11.762923240661621,736000.0
2004-06-30 00:00:00+00:00,23.6200008392334,23.780000686645508,23.440000534057617,23.760000228881836,11.812638282775879,755000.0
2004-07-01 00:00:00+00:00,23.8700008392334,23.8700008392334,23.40999984741211,23.479999542236328,11.673434257507324,295700.0
2004-07-02 00:00:00+00:00,23.31999969482422,23.799999237060547,23.309999465942383,23.719999313354492,11.792752265930176,463500.0
2004-07-05 00:00:00+00:00,,,,,,
2004-07-06 00:00:00+00:00,23.700000762939453,23.799999237060547,23.610000610351562,23.68000030517578,11.772869110107422,393400.0
2004-07-07 00:00:00+00:00,23.649999618530273,23.75,23.549999237060547,23.729999542236328,11.797719955444336,621100.0
2004-07-08 00:00:00+00:00,23.549999237060547,23.760000228881836,23.549999237060547,23.639999389648438,11.752981185913086,869900.0
2004-07-09 00:00:00+00:00,23.610000610351562,23.799999237060547,23.459999084472656,23.59000015258789,11.728120803833008,937200.0
2004-07-12 00:00:00+00:00,23.530000686645508,23.639999389648438,23.510000228881836,23.639999389648438,11.752981185913086,459800.0
2004-07-13 00:00:00+00:00,23.700000762939453,23.700000762939453,23.520000457763672,23.59000015258789,11.728120803833008,523600.0
2004-07-14 00:00:00+00:00,23.510000228881836,23.8700008392334,23.510000228881836,23.799999237060547,11.832526206970215,421400.0
2004-07-15 00:00:00+00:00,23.850000381469727,23.969999313354492,23.760000228881836,23.90999984741211,11.887211799621582,399100.0
2004-07-16 00:00:00+00:00,23.969999313354492,24.100000381469727,23.950000762939453,24.079999923706055,11.971732139587402,449400.0
2004-07-19 00:00:00+00:00,24.1200008392334,24.239999771118164,24.06999969482422,24.190000534057617,12.026421546936035,767600.0
2004-07-20 00:00:00+00:00,24.190000534057617,24.290000915527344,24.1200008392334,24.239999771118164,12.05128002166748,482600.0
2004-07-21 00:00:00+00:00,24.290000915527344,24.299999237060547,23.829999923706055,23.860000610351562,11.862358093261719,448900.0
2004-07-22 00:00:00+00:00,23.739999771118164,23.809999465942383,23.559999465942383,23.700000762939453,11.78281307220459,310800.0
2004-07-23 00:00:00+00:00,23.780000686645508,23.780000686645508,23.530000686645508,23.559999465942383,11.713205337524414,267500.0
2004-07-26 00:00:00+00:00,23.530000686645508,23.690000534057617,23.440000534057617,23.5,11.683372497558594,761900.0
2004-07-27 00:00:00+00:00,23.700000762939453,23.700000762939453,23.3799991607666,23.469999313354492,11.668466567993164,823400.0
2004-07-28 00:00:00+00:00,23.68000030517578,23.780000686645508,23.450000762939453,23.780000686645508,11.822587966918945,508400.0
2004-07-29 00:00:00+00:00,23.90999984741211,24.06999969482422,23.850000381469727,23.950000762939453,11.907102584838867,1465300.0
2004-07-30 00:00:00+00:00,23.75,24.1200008392334,23.75,24.1200008392334,11.991620063781738,799700.0
2004-08-02 00:00:00+00:00,24.209999084472656,24.329999923706055,24.049999237060547,24.299999237060547,12.08110523223877,1112100.0
2004-08-03 00:00:00+00:00,24.3700008392334,24.3700008392334,24.170000076293945,24.25,12.056253433227539,897600.0
2004-08-04 00:00:00+00:00,24.309999465942383,24.469999313354492,24.100000381469727,24.459999084472656,12.160656929016113,614600.0
2004-08-05 00:00:00+00:00,24.299999237060547,24.469999313354492,24.170000076293945,24.170000076293945,12.016475677490234,2012400.0
2004-08-06 00:00:00+00:00,23.969999313354492,24.549999237060547,23.959999084472656,24.350000381469727,12.10596752166748,1781600.0
2004-08-09 00:00:00+00:00,24.549999237060547,24.549999237060547,24.25,24.290000915527344,12.07613754272461,646400.0
2004-08-10 00:00:00+00:00,24.3799991607666,24.479999542236328,24.239999771118164,24.469999313354492,12.16562557220459,1015000.0
2004-08-11 00:00:00+00:00,24.440000534057617,24.56999969482422,24.200000762939453,24.56999969482422,12.21534538269043,469300.0
2004-08-12 00:00:00+00:00,24.700000762939453,24.700000762939453,24.459999084472656,24.559999465942383,12.210370063781738,664800.0
2004-08-13 00:00:00+00:00,24.6200008392334,24.670000076293945,24.360000610351562,24.469999313354492,12.16562557220459,454400.0
2004-08-16 00:00:00+00:00,24.010000228881836,24.610000610351562,24.010000228881836,24.579999923706055,12.220314979553223,274400.0
2004-08-17 00:00:00+00:00,24.75,24.780000686645508,24.479999542236328,24.56999969482422,12.21534538269043,520800.0
2004-08-18 00:00:00+00:00,24.700000762939453,24.889999389648438,24.59000015258789,24.729999542236328,12.294889450073242,481300.0
2004-08-19 00:00:00+00:00,24.760000228881836,24.809999465942383,24.600000381469727,24.610000610351562,12.2352294921875,1987700.0
2004-08-20 00:00:00+00:00,24.739999771118164,24.760000228881836,24.489999771118164,24.709999084472656,12.284945487976074,328400.0
2004-08-23 00:00:00+00:00,24.809999465942383,24.829999923706055,24.65999984741211,24.65999984741211,12.260086059570312,421200.0
2004-08-24 00:00:00+00:00,24.84000015258789,24.84000015258789,24.610000610351562,24.709999084472656,12.284945487976074,445100.0
2004-08-25 00:00:00+00:00,24.829999923706055,24.850000381469727,24.670000076293945,24.809999465942383,12.334663391113281,455500.0
2004-08-26 00:00:00+00:00,24.889999389648438,24.889999389648438,24.729999542236328,24.809999465942383,12.334663391113281,355900.0
2004-08-27 00:00:00+00:00,24.90999984741211,24.90999984741211,24.700000762939453,24.799999237060547,12.329692840576172,528600.0
2004-08-30 00:00:00+00:00,24.799999237060547,24.899999618530273,24.719999313354492,24.860000610351562,12.359518051147461,543500.0
2004-08-31 00:00:00+00:00,24.959999084472656,25.100000381469727,24.760000228881836,25.100000381469727,12.478842735290527,843600.0
2004-09-01 00:00:00+00:00,25.1299991607666,25.18000030517578,25.020000457763672,25.020000457763672,12.439067840576172,741200.0
2004-09-02 00:00:00+00:00,25.18000030517578,25.270000457763672,25.030000686645508,25.25,12.553418159484863,428900.0
2004-09-03 00:00:00+00:00,25.399999618530273,25.489999771118164,25.049999237060547,25.15999984741211,12.50866985321045,585300.0
2004-09-06 00:00:00+00:00,,,,,,
2004-09-07 00:00:00+00:00,25.15999984741211,25.360000610351562,25.15999984741211,25.34000015258789,12.598160743713379,539100.0
2004-09-08 00:00:00+00:00,25.329999923706055,25.329999923706055,25.010000228881836,25.100000381469727,12.478842735290527,1448300.0
2004-09-09 00:00:00+00:00,25.079999923706055,25.309999465942383,25.079999923706055,25.209999084472656,12.533526420593262,955200.0
2004-09-10 00:00:00+00:00,25.1299991607666,25.31999969482422,25.06999969482422,25.260000228881836,12.558382034301758,519700.0
2004-09-13 00:00:00+00:00,25.34000015258789,25.34000015258789,25.030000686645508,25.059999465942383,12.458953857421875,305600.0
2004-09-14 00:00:00+00:00,25.09000015258789,25.170000076293945,25.010000228881836,25.020000457763672,12.439067840576172,549500.0
2004-09-15 00:00:00+00:00,25.149999618530273,25.15999984741211,24.920000076293945,25.06999969482422,12.463924407958984,1238600.0
2004-09-16 00:00:00+00:00,25.020000457763672,25.309999465942383,25.020000457763672,25.219999313354492,12.538498878479004,1116300.0
2004-09-17 00:00:00+00:00,25.25,25.270000457763672,25.020000457763672,25.15999984741211,12.613198280334473,408900.0
2004-09-20 00:00:00+00:00,25.100000381469727,25.170000076293945,25.049999237060547,25.06999969482422,12.568075180053711,253000.0
2004-09-21 00:00:00+00:00,25.059999465942383,25.25,25.040000915527344,25.209999084472656,12.638261795043945,391600.0
2004-09-22 00:00:00+00:00,25.06999969482422,25.18000030517578,24.989999771118164,25.100000381469727,12.58311939239502,641900.0
2004-09-23 00:00:00+00:00,25.100000381469727,25.1299991607666,24.850000381469727,24.850000381469727,12.457789421081543,301800.0
2004-09-24 00:00:00+00:00,24.829999923706055,24.950000762939453,24.780000686645508,24.860000610351562,12.462806701660156,1144800.0
2004-09-27 00:00:00+00:00,24.850000381469727,24.959999084472656,24.770000457763672,24.889999389648438,12.4778413772583,949500.0
2004-09-28 00:00:00+00:00,25.06999969482422,25.149999618530273,25.0,25.049999237060547,12.558049201965332,591000.0
2004-09-29 00:00:00+00:00,25.049999237060547,25.100000381469727,24.8799991607666,25.0,12.532983779907227,551900.0
2004-09-30 00:00:00+00:00,24.969999313354492,25.1299991607666,24.90999984741211,25.049999237060547,12.558049201965332,1662600.0
2004-10-01 00:00:00+00:00,25.059999465942383,25.329999923706055,25.049999237060547,25.25,12.65831184387207,404300.0
2004-10-04 00:00:00+00:00,25.489999771118164,25.5,25.299999237060547,25.350000381469727,12.708447456359863,646900.0
2004-10-05 00:00:00+00:00,25.31999969482422,25.5,25.31999969482422,25.459999084472656,12.763590812683105,608500.0
2004-10-06 00:00:00+00:00,25.450000762939453,25.579999923706055,25.3799991607666,25.559999465942383,12.813728332519531,616800.0
2004-10-07 00:00:00+00:00,25.59000015258789,25.639999389648438,25.40999984741211,25.420000076293945,12.743544578552246,1122600.0
2004-10-08 00:00:00+00:00,25.479999542236328,25.709999084472656,25.3700008392334,25.530000686645508,12.798684120178223,741300.0
2004-10-11 00:00:00+00:00,25.639999389648438,25.639999389648438,25.450000762939453,25.459999084472656,12.763590812683105,341600.0
2004-10-12 00:00:00+00:00,25.309999465942383,25.68000030517578,25.309999465942383,25.670000076293945,12.868871688842773,885800.0
2004-10-13 00:00:00+00:00,25.700000762939453,25.709999084472656,25.229999542236328,25.329999923706055,12.698420524597168,1024300.0
2004-10-14 00:00:00+00:00,25.440000534057617,25.440000534057617,25.260000228881836,25.3799991607666,12.723494529724121,532900.0
2004-10-15 00:00:00+00:00,25.5,25.649999618530273,25.389999389648438,25.579999923706055,12.823748588562012,624100.0
2004-10-18 00:00:00+00:00,25.649999618530273,25.649999618530273,25.399999618530273,25.399999618530273,12.733513832092285,547200.0
2004-10-19 00:00:00+00:00,25.34000015258789,25.59000015258789,25.280000686645508,25.360000610351562,12.713462829589844,830300.0
2004-10-20 00:00:00+00:00,25.34000015258789,25.459999084472656,25.200000762939453,25.389999389648438,12.728498458862305,966800.0
2004-10-21 00:00:00+00:00,25.450000762939453,25.530000686645508,25.360000610351562,25.5,12.783644676208496,336700.0
2004-10-22 00:00:00+00:00,25.649999618530273,25.719999313354492,25.440000534057617,25.65999984741211,12.86386489868164,899400.0
2004-10-25 00:00:00+00:00,25.600000381469727,26.06999969482422,25.600000381469727,26.049999237060547,13.059368133544922,887600.0
2004-10-26 00:00:00+00:00,26.190000534057617,26.3799991607666,26.0,26.309999465942383,13.189716339111328,687000.0
2004-10-27 00:00:00+00:00,26.549999237060547,26.549999237060547,26.18000030517578,26.280000686645508,13.174674034118652,1272600.0
2004-10-28 00:00:00+00:00,26.149999618530273,26.290000915527344,25.940000534057617,26.1299991607666,13.09947681427002,1017300.0
2004-10-29 00:00:00+00:00,26.25,26.34000015258789,26.09000015258789,26.270000457763672,13.169661521911621,1135700.0
2004-11-01 00:00:00+00:00,26.420000076293945,26.510000228881836,26.270000457763672,26.479999542236328,13.27493953704834,1545500.0
2004-11-02 00:00:00+00:00,26.559999465942383,26.559999465942383,25.950000762939453,25.959999084472656,13.014251708984375,1147100.0
2004-11-03 00:00:00+00:00,26.450000762939453,26.559999465942383,26.280000686645508,26.510000228881836,13.289978981018066,803700.0
2004-11-04 00:00:00+00:00,26.649999618530273,27.110000610351562,26.450000762939453,27.040000915527344,13.555680274963379,985200.0
2004-11-05 00:00:00+00:00,27.280000686645508,27.299999237060547,26.719999313354492,26.940000534057617,13.505544662475586,2871100.0
2004-11-08 00:00:00+00:00,26.899999618530273,27.239999771118164,26.899999618530273,27.200000762939453,13.635884284973145,2579500.0
2004-11-09 00:00:00+00:00,27.34000015258789,27.34000015258789,27.1299991607666,27.209999084472656,13.640901565551758,1682600.0
2004-11-10 00:00:00+00:00,27.209999084472656,27.299999237060547,27.049999237060547,27.200000762939453,13.635884284973145,1995600.0
2004-11-11 00:00:00+00:00,27.270000457763672,27.549999237060547,27.139999389648438,27.489999771118164,13.781272888183594,3031200.0
2004-11-12 00:00:00+00:00,27.549999237060547,27.829999923706055,27.459999084472656,27.81999969482422,13.946707725524902,1705900.0
2004-11-15 00:00:00+00:00,27.850000381469727,27.8700008392334,27.559999465942383,27.68000030517578,13.876526832580566,575500.0
2004-11-16 00:00:00+00:00,27.6299991607666,27.81999969482422,27.600000381469727,27.6299991607666,13.85145378112793,1042000.0
2004-11-17 00:00:00+00:00,27.65999984741211,27.81999969482422,27.329999923706055,27.399999618530273,13.736151695251465,865300.0
2004-11-18 00:00:00+00:00,27.309999465942383,27.540000915527344,27.309999465942383,27.399999618530273,13.736151695251465,2195700.0
2004-11-19 00:00:00+00:00,27.579999923706055,27.579999923706055,27.190000534057617,27.299999237060547,13.68602180480957,1914000.0
2004-11-22 00:00:00+00:00,27.399999618530273,27.75,27.3700008392334,27.729999542236328,13.901590347290039,645300.0
2004-11-23 00:00:00+00:00,27.899999618530273,27.979999542236328,27.690000534057617,27.899999618530273,13.98681640625,972300.0
2004-11-24 00:00:00+00:00,27.950000762939453,28.139999389648438,27.93000030517578,28.0,14.036940574645996,998300.0
2004-11-25 00:00:00+00:00,,,,,,
2004-11-26 00:00:00+00:00,28.149999618530273,28.190000534057617,28.049999237060547,28.110000610351562,14.092090606689453,368200.0
2004-11-29 00:00:00+00:00,28.25,28.25,27.65999984741211,27.739999771118164,13.906596183776855,1188300.0
2004-11-30 00:00:00+00:00,27.690000534057617,27.780000686645508,27.40999984741211,27.440000534057617,13.756203651428223,1970800.0
2004-12-01 00:00:00+00:00,27.299999237060547,27.399999618530273,27.06999969482422,27.200000762939453,13.635884284973145,1593800.0
2004-12-02 00:00:00+00:00,27.0,27.200000762939453,26.75,26.860000610351562,13.46544361114502,3739800.0
2004-12-03 00:00:00+00:00,26.799999237060547,27.1299991607666,26.799999237060547,27.059999465942383,13.565704345703125,1505200.0
2004-12-06 00:00:00+00:00,27.1299991607666,27.350000381469727,26.969999313354492,27.309999465942383,13.691038131713867,671200.0
2004-12-07 00:00:00+00:00,27.350000381469727,27.3799991607666,27.079999923706055,27.100000381469727,13.585755348205566,641600.0
2004-12-08 00:00:00+00:00,26.950000762939453,27.139999389648438,26.8799991607666,26.959999084472656,13.515569686889648,771600.0
2004-12-09 00:00:00+00:00,27.0,27.040000915527344,26.81999969482422,26.969999313354492,13.52058219909668,1409600.0
2004-12-10 00:00:00+00:00,26.850000381469727,27.15999984741211,26.84000015258789,27.06999969482422,13.570712089538574,787000.0
2004-12-13 00:00:00+00:00,27.200000762939453,27.5,27.059999465942383,27.469999313354492,13.771240234375,1440000.0
2004-12-14 00:00:00+00:00,27.700000762939453,27.75,27.389999389648438,27.56999969482422,13.821374893188477,1655400.0
2004-12-15 00:00:00+00:00,27.700000762939453,27.760000228881836,27.5,27.700000762939453,13.886553764343262,542200.0
2004-12-16 00:00:00+00:00,27.850000381469727,27.8799991607666,27.579999923706055,27.709999084472656,13.891558647155762,2199900.0
2004-12-17 00:00:00+00:00,27.329999923706055,27.549999237060547,27.299999237060547,27.520000457763672,13.928003311157227,975200.0
2004-12-20 00:00:00+00:00,27.510000228881836,27.920000076293945,27.510000228881836,27.670000076293945,14.003921508789062,626600.0
2004-12-21 00:00:00+00:00,27.850000381469727,27.959999084472656,27.719999313354492,27.959999084472656,14.150681495666504,610200.0
2004-12-22 00:00:00+00:00,27.979999542236328,28.100000381469727,27.950000762939453,28.020000457763672,14.181057929992676,2334400.0
2004-12-23 00:00:00+00:00,28.149999618530273,28.149999618530273,27.93000030517578,28.010000228881836,14.17600154876709,728600.0
2004-12-24 00:00:00+00:00,,,,,,
2004-12-27 00:00:00+00:00,28.200000762939453,28.200000762939453,27.790000915527344,27.829999923706055,14.084892272949219,822400.0
2004-12-28 00:00:00+00:00,27.860000610351562,27.950000762939453,27.760000228881836,27.899999618530273,14.120320320129395,574200.0
2004-12-29 00:00:00+00:00,27.959999084472656,28.030000686645508,27.860000610351562,27.979999542236328,14.160804748535156,705100.0
2004-12-30 00:00:00+00:00,28.020000457763672,28.110000610351562,27.979999542236328,27.989999771118164,14.165873527526855,630100.0
2004-12-31 00:00:00+00:00,28.100000381469727,28.100000381469727,27.850000381469727,27.850000381469727,14.095011711120605,675100.0
2005-01-03 00:00:00+00:00,27.799999237060547,28.049999237060547,27.479999542236328,27.530000686645508,13.933066368103027,2026400.0
2005-01-04 00:00:00+00:00,27.5,27.649999618530273,27.299999237060547,27.34000015258789,13.83690357208252,1287600.0
2005-01-05 00:00:00+00:00,27.399999618530273,27.399999618530273,26.90999984741211,26.90999984741211,13.619274139404297,1431900.0
2005-01-06 00:00:00+00:00,26.899999618530273,27.1299991607666,26.899999618530273,27.049999237060547,13.690128326416016,772200.0
2005-01-07 00:00:00+00:00,27.25,27.34000015258789,27.010000228881836,27.049999237060547,13.690128326416016,367800.0
2005-01-10 00:00:00+00:00,26.969999313354492,27.280000686645508,26.969999313354492,27.190000534057617,13.760987281799316,2065200.0
2005-01-11 00:00:00+00:00,27.100000381469727,27.209999084472656,26.940000534057617,27.110000610351562,13.720504760742188,362300.0
2005-01-12 00:00:00+00:00,27.079999923706055,27.239999771118164,26.940000534057617,27.190000534057617,13.760987281799316,197200.0
2005-01-13 00:00:00+00:00,27.280000686645508,27.540000915527344,27.209999084472656,27.31999969482422,13.826784133911133,875200.0
2005-01-14 00:00:00+00:00,27.520000457763672,27.6200008392334,27.280000686645508,27.549999237060547,13.943187713623047,799100.0
2005-01-17 00:00:00+00:00,,,,,,
2005-01-18 00:00:00+00:00,27.5,27.809999465942383,27.350000381469727,27.790000915527344,14.064650535583496,594200.0
2005-01-19 00:00:00+00:00,27.899999618530273,27.899999618530273,27.670000076293945,27.670000076293945,14.003921508789062,1123600.0
2005-01-20 00:00:00+00:00,27.469999313354492,27.760000228881836,27.469999313354492,27.579999923706055,13.95837116241455,808000.0
2005-01-21 00:00:00+00:00,27.469999313354492,27.68000030517578,27.459999084472656,27.469999313354492,13.902693748474121,3274400.0
2005-01-24 00:00:00+00:00,27.579999923706055,27.84000015258789,27.469999313354492,27.709999084472656,14.024158477783203,886400.0
2005-01-25 00:00:00+00:00,27.719999313354492,27.8700008392334,27.510000228881836,27.549999237060547,13.943187713623047,1102700.0
2005-01-26 00:00:00+00:00,27.600000381469727,27.979999542236328,27.549999237060547,27.950000762939453,14.1456298828125,1397600.0
2005-01-27 00:00:00+00:00,28.040000915527344,28.1299991607666,27.780000686645508,28.09000015258789,14.216473579406738,1179000.0
2005-01-28 00:00:00+00:00,27.90999984741211,28.1200008392334,27.850000381469727,28.1200008392334,14.231669425964355,370000.0
2005-01-31 00:00:00+00:00,28.239999771118164,28.440000534057617,28.170000076293945,28.440000534057617,14.393617630004883,959200.0
2005-02-01 00:00:00+00:00,28.5,28.700000762939453,28.3799991607666,28.6299991607666,14.489774703979492,1890000.0
2005-02-02 00:00:00+00:00,28.8700008392334,28.8700008392334,28.6299991607666,28.739999771118164,14.545452117919922,1701400.0
2005-02-03 00:00:00+00:00,28.8700008392334,28.8700008392334,28.540000915527344,28.81999969482422,14.585935592651367,1752200.0
2005-02-04 00:00:00+00:00,29.0,29.18000030517578,28.899999618530273,29.100000381469727,14.72765064239502,738000.0
2005-02-07 00:00:00+00:00,29.299999237060547,29.350000381469727,29.0,29.040000915527344,14.697281837463379,871400.0
2005-02-08 00:00:00+00:00,29.219999313354492,29.25,29.079999923706055,29.209999084472656,14.783317565917969,1456300.0
2005-02-09 00:00:00+00:00,29.190000534057617,29.239999771118164,29.040000915527344,29.040000915527344,14.697281837463379,1680700.0
2005-02-10 00:00:00+00:00,29.06999969482422,29.229999542236328,29.0,29.06999969482422,14.712461471557617,3697400.0
2005-02-11 00:00:00+00:00,29.25,29.34000015258789,28.93000030517578,29.09000015258789,14.722585678100586,2574600.0
2005-02-14 00:00:00+00:00,29.280000686645508,29.40999984741211,29.030000686645508,29.350000381469727,14.854171752929688,1018200.0
2005-02-15 00:00:00+00:00,29.549999237060547,29.549999237060547,29.260000228881836,29.299999237060547,14.828868865966797,845100.0
2005-02-16 00:00:00+00:00,29.399999618530273,29.459999084472656,29.100000381469727,29.3799991607666,14.869354248046875,1049600.0
2005-02-17 00:00:00+00:00,29.579999923706055,29.579999923706055,29.239999771118164,29.31999969482422,14.838996887207031,1234100.0
2005-02-18 00:00:00+00:00,29.229999542236328,29.239999771118164,28.920000076293945,29.010000228881836,14.682095527648926,1066900.0
2005-02-21 00:00:00+00:00,,,,,,
2005-02-22 00:00:00+00:00,29.049999237060547,29.049999237060547,28.25,28.31999969482422,14.332886695861816,4252600.0
2005-02-23 00:00:00+00:00,28.43000030517578,28.610000610351562,28.399999618530273,28.469999313354492,14.408797264099121,1737200.0
2005-02-24 00:00:00+00:00,28.549999237060547,28.729999542236328,28.420000076293945,28.690000534057617,14.520143508911133,1999600.0
2005-02-25 00:00:00+00:00,28.799999237060547,29.34000015258789,28.700000762939453,29.25,14.803563117980957,3548100.0
2005-02-28 00:00:00+00:00,29.31999969482422,29.3799991607666,28.940000534057617,29.049999237060547,14.702337265014648,1969700.0
2005-03-01 00:00:00+00:00,29.100000381469727,29.329999923706055,29.0,29.1299991607666,14.742830276489258,1480100.0
2005-03-02 00:00:00+00:00,29.25,29.280000686645508,28.959999084472656,29.100000381469727,14.72765064239502,2570400.0
2005-03-03 00:00:00+00:00,29.25,29.31999969482422,29.0,29.25,14.803563117980957,2312300.0
2005-03-04 00:00:00+00:00,29.440000534057617,29.75,29.299999237060547,29.709999084472656,15.036375045776367,1710200.0
2005-03-07 00:00:00+00:00,29.75,29.979999542236328,29.75,29.920000076293945,15.142658233642578,1129500.0
2005-03-08 00:00:00+00:00,29.969999313354492,29.969999313354492,29.639999389648438,29.719999313354492,15.04142951965332,1761900.0
2005-03-09 00:00:00+00:00,29.8700008392334,29.8700008392334,29.15999984741211,29.190000534057617,14.773200035095215,3952300.0
2005-03-10 00:00:00+00:00,29.25,29.469999313354492,29.030000686645508,29.3799991607666,14.869354248046875,2399300.0
2005-03-11 00:00:00+00:00,29.399999618530273,29.540000915527344,29.18000030517578,29.25,14.803563117980957,1756400.0
2005-03-14 00:00:00+00:00,29.270000457763672,29.719999313354492,29.209999084472656,29.700000762939453,15.031312942504883,553300.0
2005-03-15 00:00:00+00:00,29.709999084472656,29.920000076293945,29.56999969482422,29.56999969482422,14.965514183044434,2551100.0
2005-03-16 00:00:00+00:00,29.549999237060547,29.649999618530273,29.149999618530273,29.299999237060547,14.828868865966797,3758800.0
2005-03-17 00:00:00+00:00,29.350000381469727,29.559999465942383,29.31999969482422,29.469999313354492,14.914904594421387,833600.0
2005-03-18 00:00:00+00:00,29.450000762939453,29.450000762939453,28.969999313354492,29.15999984741211,14.870027542114258,1351900.0
2005-03-21 00:00:00+00:00,29.299999237060547,29.299999237060547,29.06999969482422,29.149999618530273,14.864933013916016,926900.0
2005-03-22 00:00:00+00:00,29.18000030517578,29.270000457763672,28.530000686645508,28.559999465942383,14.564066886901855,3712100.0
2005-03-23 00:00:00+00:00,28.579999923706055,28.579999923706055,28.1299991607666,28.420000076293945,14.492671012878418,6573000.0
2005-03-24 00:00:00+00:00,28.549999237060547,28.84000015258789,28.5,28.719999313354492,14.645655632019043,2378700.0
2005-03-25 00:00:00+00:00,,,,,,
2005-03-28 00:00:00+00:00,28.899999618530273,28.969999313354492,28.739999771118164,28.770000457763672,14.67115306854248,818000.0
2005-03-29 00:00:00+00:00,28.899999618530273,28.899999618530273,28.3700008392334,28.40999984741211,14.487569808959961,1305700.0
2005-03-30 00:00:00+00:00,28.579999923706055,28.8700008392334,28.420000076293945,28.8700008392334,14.722150802612305,1174300.0
2005-03-31 00:00:00+00:00,28.979999542236328,29.190000534057617,28.700000762939453,29.149999618530273,14.864933013916016,769300.0
2005-04-01 00:00:00+00:00,29.399999618530273,29.5,29.020000457763672,29.25,14.915923118591309,1704800.0
2005-04-04 00:00:00+00:00,29.489999771118164,29.489999771118164,29.059999465942383,29.329999923706055,14.956721305847168,1674500.0
2005-04-05 00:00:00+00:00,29.299999237060547,29.520000457763672,29.270000457763672,29.5,15.043410301208496,1223000.0
2005-04-06 00:00:00+00:00,29.579999923706055,29.690000534057617,29.399999618530273,29.40999984741211,14.997523307800293,760600.0
2005-04-07 00:00:00+00:00,29.5,29.719999313354492,29.440000534057617,29.68000030517578,15.135199546813965,1010500.0
2005-04-08 00:00:00+00:00,29.799999237060547,29.799999237060547,29.389999389648438,29.450000762939453,15.017914772033691,1059800.0
2005-04-11 00:00:00+00:00,29.6299991607666,29.81999969482422,29.420000076293945,29.739999771118164,15.165800094604492,1468500.0
2005-04-12 00:00:00+00:00,29.899999618530273,30.100000381469727,29.469999313354492,30.020000457763672,15.30858039855957,768100.0
2005-04-13 00:00:00+00:00,30.100000381469727,30.100000381469727,29.760000228881836,29.809999465942383,15.201493263244629,678200.0
2005-04-14 00:00:00+00:00,29.709999084472656,29.809999465942383,29.5,29.530000686645508,15.058707237243652,783900.0
2005-04-15 00:00:00+00:00,29.440000534057617,29.6299991607666,28.959999084472656,29.010000228881836,14.793539047241211,1169900.0
2005-04-18 00:00:00+00:00,28.989999771118164,29.260000228881836,28.799999237060547,29.1200008392334,14.849634170532227,989400.0
2005-04-19 00:00:00+00:00,29.200000762939453,29.549999237060547,29.0,29.530000686645508,15.058707237243652,804800.0
2005-04-20 00:00:00+00:00,29.600000381469727,29.600000381469727,29.260000228881836,29.270000457763672,14.926128387451172,779400.0
2005-04-21 00:00:00+00:00,29.110000610351562,29.6299991607666,29.110000610351562,29.530000686645508,15.058707237243652,3848200.0
2005-04-22 00:00:00+00:00,29.649999618530273,29.75,29.479999542236328,29.719999313354492,15.155596733093262,1809000.0
2005-04-25 00:00:00+00:00,29.899999618530273,29.969999313354492,29.75,29.920000076293945,15.257587432861328,647300.0
2005-04-26 00:00:00+00:00,29.979999542236328,29.979999542236328,29.540000915527344,29.540000915527344,15.06380558013916,1247900.0
2005-04-27 00:00:00+00:00,29.700000762939453,29.899999618530273,29.31999969482422,29.760000228881836,15.17599868774414,575700.0
2005-04-28 00:00:00+00:00,29.889999389648438,29.899999618530273,29.530000686645508,29.6299991607666,15.109702110290527,2233000.0
2005-04-29 00:00:00+00:00,29.549999237060547,30.059999465942383,29.549999237060547,30.049999237060547,15.323882102966309,940500.0
2005-05-02 00:00:00+00:00,30.219999313354492,30.299999237060547,30.040000915527344,30.1299991607666,15.364675521850586,1095700.0
2005-05-03 00:00:00+00:00,30.299999237060547,30.299999237060547,29.889999389648438,29.979999542236328,15.288186073303223,2295300.0
2005-05-04 00:00:00+00:00,30.18000030517578,30.18000030517578,29.790000915527344,30.010000228881836,15.303484916687012,1495700.0
2005-05-05 00:00:00+00:00,30.200000762939453,30.200000762939453,29.610000610351562,29.889999389648438,15.242292404174805,1048100.0
2005-05-06 00:00:00+00:00,29.799999237060547,29.989999771118164,29.790000915527344,29.81999969482422,15.206594467163086,1499600.0
2005-05-09 00:00:00+00:00,29.81999969482422,30.079999923706055,29.6299991607666,30.06999969482422,15.33408260345459,3138100.0
2005-05-10 00:00:00+00:00,30.100000381469727,30.100000381469727,29.81999969482422,29.850000381469727,15.221892356872559,838100.0
2005-05-11 00:00:00+00:00,30.0,30.040000915527344,29.709999084472656,29.989999771118164,15.293280601501465,685300.0
2005-05-12 00:00:00+00:00,30.079999923706055,30.079999923706055,29.639999389648438,29.649999618530273,15.119906425476074,781500.0
2005-05-13 00:00:00+00:00,29.559999465942383,29.950000762939453,28.700000762939453,29.170000076293945,14.875130653381348,2051500.0
2005-05-16 00:00:00+00:00,29.18000030517578,29.360000610351562,29.020000457763672,29.360000610351562,14.97201919555664,2995500.0
2005-05-17 00:00:00+00:00,29.5,29.739999771118164,29.260000228881836,29.700000762939453,15.145398139953613,767200.0
2005-05-18 00:00:00+00:00,29.889999389648438,29.959999084472656,29.68000030517578,29.709999084472656,15.150500297546387,1267400.0
2005-05-19 00:00:00+00:00,29.81999969482422,29.920000076293945,29.700000762939453,29.8799991607666,15.237191200256348,489200.0
2005-05-20 00:00:00+00:00,29.510000228881836,29.920000076293945,29.510000228881836,29.8700008392334,15.232093811035156,868500.0
2005-05-23 00:00:00+00:00,29.719999313354492,29.8700008392334,29.649999618530273,29.760000228881836,15.17599868774414,629200.0
2005-05-24 00:00:00+00:00,29.780000686645508,29.850000381469727,29.649999618530273,29.760000228881836,15.17599868774414,452200.0
2005-05-25 00:00:00+00:00,29.829999923706055,29.8799991607666,29.670000076293945,29.84000015258789,15.216798782348633,398800.0
2005-05-26 00:00:00+00:00,29.719999313354492,29.989999771118164,29.719999313354492,29.920000076293945,15.257587432861328,880300.0
2005-05-27 00:00:00+00:00,29.920000076293945,30.06999969482422,29.850000381469727,30.040000915527344,15.318788528442383,1425100.0
2005-05-30 00:00:00+00:00,,,,,,
2005-05-31 00:00:00+00:00,30.1200008392334,30.229999542236328,29.950000762939453,30.030000686645508,15.313677787780762,1543500.0
2005-06-01 00:00:00+00:00,30.139999389648438,30.559999465942383,30.049999237060547,30.420000076293945,15.512568473815918,2130100.0
2005-06-02 00:00:00+00:00,30.5,30.5,30.350000381469727,30.3799991607666,15.492171287536621,1388500.0
2005-06-03 00:00:00+00:00,30.420000076293945,30.540000915527344,30.219999313354492,30.479999542236328,15.543156623840332,1163900.0
2005-06-06 00:00:00+00:00,30.5,30.5,30.299999237060547,30.450000762939453,15.527868270874023,929200.0
2005-06-07 00:00:00+00:00,30.450000762939453,30.860000610351562,30.450000762939453,30.520000457763672,15.563562393188477,3105300.0
2005-06-08 00:00:00+00:00,30.600000381469727,30.780000686645508,30.510000228881836,30.579999923706055,15.594154357910156,1027700.0
2005-06-09 00:00:00+00:00,30.549999237060547,30.610000610351562,30.350000381469727,30.610000610351562,15.609457969665527,994500.0
2005-06-10 00:00:00+00:00,30.59000015258789,30.81999969482422,30.56999969482422,30.719999313354492,15.665553092956543,1236600.0
2005-06-13 00:00:00+00:00,30.799999237060547,30.899999618530273,30.59000015258789,30.850000381469727,15.73183822631836,478200.0
2005-06-14 00:00:00+00:00,30.8799991607666,31.059999465942383,30.81999969482422,30.93000030517578,15.77263069152832,1184800.0
2005-06-15 00:00:00+00:00,30.90999984741211,31.0,30.600000381469727,30.780000686645508,15.69614315032959,518900.0
2005-06-16 00:00:00+00:00,30.950000762939453,30.950000762939453,30.559999465942383,30.729999542236328,15.670639991760254,1159100.0
2005-06-17 00:00:00+00:00,30.719999313354492,30.950000762939453,30.56999969482422,30.8700008392334,15.870636940002441,921200.0
2005-06-20 00:00:00+00:00,30.940000534057617,30.950000762939453,30.649999618530273,30.93000030517578,15.901483535766602,1353900.0
2005-06-21 00:00:00+00:00,30.850000381469727,31.030000686645508,30.850000381469727,30.969999313354492,15.92204761505127,746600.0
2005-06-22 00:00:00+00:00,31.920000076293945,31.920000076293945,30.899999618530273,31.25,16.065996170043945,1899500.0
2005-06-23 00:00:00+00:00,31.299999237060547,31.5,31.18000030517578,31.34000015258789,16.11226463317871,1358800.0
2005-06-24 00:00:00+00:00,31.399999618530273,31.440000534057617,31.09000015258789,31.1200008392334,15.999161720275879,908300.0
2005-06-27 00:00:00+00:00,31.190000534057617,31.31999969482422,31.020000457763672,31.309999465942383,16.096837997436523,906400.0
2005-06-28 00:00:00+00:00,31.440000534057617,31.6299991607666,31.309999465942383,31.6200008392334,16.256221771240234,1109800.0
2005-06-29 00:00:00+00:00,31.780000686645508,31.780000686645508,31.440000534057617,31.530000686645508,16.209951400756836,2351300.0
2005-06-30 00:00:00+00:00,31.65999984741211,31.81999969482422,31.530000686645508,31.559999465942383,16.225378036499023,2308200.0
2005-07-01 00:00:00+00:00,31.709999084472656,31.889999389648438,31.56999969482422,31.850000381469727,16.37446403503418,639600.0
2005-07-04 00:00:00+00:00,,,,,,
2005-07-05 00:00:00+00:00,31.81999969482422,32.029998779296875,31.670000076293945,31.90999984741211,16.405303955078125,1088900.0
2005-07-06 00:00:00+00:00,31.90999984741211,32.0099983215332,31.3700008392334,31.3700008392334,16.127687454223633,1213300.0
2005-07-07 00:00:00+00:00,31.15999984741211,31.670000076293945,31.0,31.6200008392334,16.256221771240234,2175800.0
2005-07-08 00:00:00+00:00,31.68000030517578,31.989999771118164,31.600000381469727,31.989999771118164,16.446441650390625,1485300.0
2005-07-11 00:00:00+00:00,32.099998474121094,32.22999954223633,31.989999771118164,32.16999816894531,16.538984298706055,1431700.0
2005-07-12 00:00:00+00:00,32.349998474121094,32.380001068115234,32.11000061035156,32.2599983215332,16.585254669189453,1931100.0
2005-07-13 00:00:00+00:00,32.34000015258789,32.41999816894531,32.22999954223633,32.349998474121094,16.631515502929688,1944000.0
2005-07-14 00:00:00+00:00,32.540000915527344,32.599998474121094,31.850000381469727,32.029998779296875,16.46700668334961,1502700.0
2005-07-15 00:00:00+00:00,32.029998779296875,32.150001525878906,31.899999618530273,32.02000045776367,16.46186637878418,1081800.0
2005-07-18 00:00:00+00:00,32.02000045776367,32.09000015258789,31.93000030517578,32.0,16.45158576965332,1046600.0
2005-07-19 00:00:00+00:00,32.0099983215332,32.099998474121094,31.8700008392334,32.029998779296875,16.46700668334961,1080600.0
2005-07-20 00:00:00+00:00,32.09000015258789,32.220001220703125,31.81999969482422,32.20000076293945,16.55440902709961,944600.0
2005-07-21 00:00:00+00:00,32.25,32.25,31.5,31.6200008392334,16.256221771240234,3780300.0
2005-07-22 00:00:00+00:00,31.530000686645508,31.940000534057617,31.530000686645508,31.799999237060547,16.348756790161133,1204100.0
2005-07-25 00:00:00+00:00,32.02000045776367,32.15999984741211,31.809999465942383,31.809999465942383,16.353900909423828,1428600.0
2005-07-26 00:00:00+00:00,31.969999313354492,32.06999969482422,31.829999923706055,31.920000076293945,16.41044807434082,3144800.0
2005-07-27 00:00:00+00:00,32.04999923706055,32.11000061035156,31.889999389648438,32.060001373291016,16.482425689697266,3960600.0
2005-07-28 00:00:00+00:00,32.09000015258789,32.279998779296875,31.920000076293945,32.2599983215332,16.585254669189453,2608100.0
2005-07-29 00:00:00+00:00,32.459999084472656,32.459999084472656,32.22999954223633,32.27000045776367,16.59039306640625,3058900.0
2005-08-01 00:00:00+00:00,32.45000076293945,32.4900016784668,31.799999237060547,31.850000381469727,16.37446403503418,1967900.0
2005-08-02 00:00:00+00:00,31.950000762939453,32.59000015258789,31.899999618530273,32.59000015258789,16.754911422729492,3257500.0
2005-08-03 00:00:00+00:00,32.59000015258789,33.0,32.38999938964844,32.68000030517578,16.801183700561523,5275300.0
2005-08-04 00:00:00+00:00,32.79999923706055,32.79999923706055,32.40999984741211,32.470001220703125,16.693212509155273,1674800.0
2005-08-05 00:00:00+00:00,32.459999084472656,32.459999084472656,31.709999084472656,31.90999984741211,16.405303955078125,2777300.0
2005-08-08 00:00:00+00:00,31.8799991607666,32.04999923706055,31.170000076293945,31.260000228881836,16.071142196655273,6975800.0
2005-08-09 00:00:00+00:00,31.299999237060547,31.59000015258789,31.299999237060547,31.59000015258789,16.240793228149414,2489900.0
2005-08-10 00:00:00+00:00,31.5,32.08000183105469,31.43000030517578,31.579999923706055,16.23565673828125,2820300.0
2005-08-11 00:00:00+00:00,31.700000762939453,31.899999618530273,31.469999313354492,31.770000457763672,16.33333969116211,1023900.0
2005-08-12 00:00:00+00:00,31.760000228881836,31.84000015258789,31.5,31.739999771118164,16.317920684814453,1539000.0
2005-08-15 00:00:00+00:00,31.790000915527344,31.889999389648438,31.65999984741211,31.860000610351562,16.379606246948242,1073000.0
2005-08-16 00:00:00+00:00,31.770000457763672,31.889999389648438,31.360000610351562,31.360000610351562,16.122549057006836,2012700.0
2005-08-17 00:00:00+00:00,31.450000762939453,31.450000762939453,31.040000915527344,31.329999923706055,16.10712432861328,2351200.0
2005-08-18 00:00:00+00:00,31.200000762939453,31.5,31.059999465942383,31.450000762939453,16.1688232421875,1702500.0
2005-08-19 00:00:00+00:00,31.670000076293945,31.670000076293945,31.489999771118164,31.639999389648438,16.266502380371094,931100.0
2005-08-22 00:00:00+00:00,31.670000076293945,31.93000030517578,31.600000381469727,31.850000381469727,16.37446403503418,1182800.0
2005-08-23 00:00:00+00:00,31.920000076293945,32.18000030517578,31.8700008392334,32.11000061035156,16.508140563964844,3000800.0
2005-08-24 00:00:00+00:00,32.189998626708984,32.41999816894531,31.899999618530273,31.959999084472656,16.43101692199707,1690400.0
2005-08-25 00:00:00+00:00,32.380001068115234,32.380001068115234,32.0099983215332,32.20000076293945,16.55440902709961,1308000.0
2005-08-26 00:00:00+00:00,32.209999084472656,32.29999923706055,32.0099983215332,32.150001525878906,16.52869987487793,871400.0
2005-08-29 00:00:00+00:00,32.04999923706055,32.33000183105469,31.8700008392334,32.279998779296875,16.595537185668945,1619600.0
2005-08-30 00:00:00+00:00,32.20000076293945,32.349998474121094,31.969999313354492,32.22999954223633,16.569826126098633,881900.0
2005-08-31 00:00:00+00:00,32.2599983215332,32.560001373291016,32.18000030517578,32.47999954223633,16.6983585357666,2116600.0
2005-09-01 00:00:00+00:00,32.400001525878906,33.040000915527344,32.400001525878906,32.9900016784668,16.960554122924805,2580700.0
2005-09-02 00:00:00+00:00,33.02000045776367,33.150001525878906,32.90999984741211,33.0,16.9656925201416,1981300.0
2005-09-05 00:00:00+00:00,,,,,,
2005-09-06 00:00:00+00:00,33.20000076293945,33.47999954223633,33.119998931884766,33.310001373291016,17.125064849853516,2030300.0
2005-09-07 00:00:00+00:00,33.33000183105469,33.400001525878906,33.130001068115234,33.33000183105469,17.13535499572754,1543400.0
2005-09-08 00:00:00+00:00,33.36000061035156,33.380001068115234,32.970001220703125,33.040000915527344,16.986263275146484,1540800.0
2005-09-09 00:00:00+00:00,33.150001525878906,33.52000045776367,33.099998474121094,33.43000030517578,17.1867618560791,3424900.0
2005-09-12 00:00:00+00:00,33.59000015258789,33.75,33.220001220703125,33.400001525878906,17.17133903503418,1187700.0
2005-09-13 00:00:00+00:00,33.52000045776367,33.52000045776367,33.11000061035156,33.11000061035156,17.022253036499023,1755900.0
2005-09-14 00:00:00+00:00,33.20000076293945,33.380001068115234,33.099998474121094,33.22999954223633,17.083940505981445,702900.0
2005-09-15 00:00:00+00:00,33.43000030517578,33.56999969482422,33.400001525878906,33.540000915527344,17.243318557739258,1691700.0
2005-09-16 00:00:00+00:00,33.5,33.599998474121094,33.189998626708984,33.59000015258789,17.39921760559082,1656800.0
2005-09-19 00:00:00+00:00,33.61000061035156,33.77000045776367,33.459999084472656,33.4900016784668,17.347436904907227,1059900.0
2005-09-20 00:00:00+00:00,33.58000183105469,33.66999816894531,33.279998779296875,33.36000061035156,17.280092239379883,1431900.0
2005-09-21 00:00:00+00:00,33.34000015258789,33.400001525878906,32.5,32.779998779296875,16.979660034179688,2692900.0
2005-09-22 00:00:00+00:00,32.619998931884766,32.720001220703125,32.380001068115234,32.599998474121094,16.88642692565918,2317700.0
2005-09-23 00:00:00+00:00,32.61000061035156,32.72999954223633,32.45000076293945,32.68000030517578,16.927858352661133,1850700.0
2005-09-26 00:00:00+00:00,32.880001068115234,33.02000045776367,32.7400016784668,32.95000076293945,17.067716598510742,720200.0
2005-09-27 00:00:00+00:00,32.95000076293945,33.060001373291016,32.68000030517578,32.959999084472656,17.072895050048828,1000800.0
2005-09-28 00:00:00+00:00,33.15999984741211,33.369998931884766,33.040000915527344,33.29999923706055,17.2490177154541,1589900.0
2005-09-29 00:00:00+00:00,33.220001220703125,33.77000045776367,33.15999984741211,33.630001068115234,17.41994285583496,1915300.0
2005-09-30 00:00:00+00:00,33.650001525878906,33.779998779296875,33.459999084472656,33.599998474121094,17.404407501220703,1498300.0
2005-10-03 00:00:00+00:00,33.79999923706055,33.9900016784668,33.560001373291016,33.97999954223633,17.601247787475586,2568800.0
2005-10-04 00:00:00+00:00,33.70000076293945,34.04999923706055,33.33000183105469,33.38999938964844,17.295631408691406,2918600.0
2005-10-05 00:00:00+00:00,33.29999923706055,33.5,32.36000061035156,32.41999816894531,16.793184280395508,4343700.0
2005-10-06 00:00:00+00:00,32.29999923706055,32.439998626708984,31.450000762939453,31.989999771118164,16.57044219970703,7534800.0
2005-10-07 00:00:00+00:00,32.060001373291016,32.33000183105469,31.920000076293945,32.27000045776367,16.715486526489258,1741900.0
2005-10-10 00:00:00+00:00,32.540000915527344,32.689998626708984,31.600000381469727,31.700000762939453,16.420230865478516,2172700.0
2005-10-11 00:00:00+00:00,31.799999237060547,32.060001373291016,31.690000534057617,31.770000457763672,16.456491470336914,2253200.0
2005-10-12 00:00:00+00:00,31.639999389648438,31.969999313354492,31.06999969482422,31.170000076293945,16.14569664001465,4390600.0
2005-10-13 00:00:00+00:00,30.899999618530273,31.049999237060547,30.270000457763672,30.510000228881836,15.80382251739502,8538900.0
2005-10-14 00:00:00+00:00,30.600000381469727,30.8700008392334,30.459999084472656,30.860000610351562,15.985121726989746,4197300.0
2005-10-17 00:00:00+00:00,30.65999984741211,31.399999618530273,30.65999984741211,31.200000762939453,16.161235809326172,3449400.0
2005-10-18 00:00:00+00:00,31.3799991607666,31.3799991607666,30.530000686645508,30.68000030517578,15.89188289642334,2329900.0
2005-10-19 00:00:00+00:00,30.600000381469727,30.790000915527344,30.1299991607666,30.760000228881836,15.933319091796875,6809400.0
2005-10-20 00:00:00+00:00,30.549999237060547,30.829999923706055,29.790000915527344,29.950000762939453,15.513751029968262,3224400.0
2005-10-21 00:00:00+00:00,29.700000762939453,30.5,29.010000228881836,30.350000381469727,15.720951080322266,2650900.0
2005-10-24 00:00:00+00:00,30.139999389648438,31.170000076293945,30.139999389648438,31.1299991607666,16.124980926513672,2432900.0
2005-10-25 00:00:00+00:00,30.950000762939453,31.43000030517578,30.860000610351562,31.170000076293945,16.14569664001465,4336400.0
2005-10-26 00:00:00+00:00,31.299999237060547,31.299999237060547,30.709999084472656,30.790000915527344,15.948859214782715,4446100.0
2005-10-27 00:00:00+00:00,30.6200008392334,30.950000762939453,30.40999984741211,30.440000534057617,15.767565727233887,2217300.0
2005-10-28 00:00:00+00:00,30.270000457763672,31.1200008392334,30.270000457763672,31.049999237060547,16.083538055419922,3449200.0
2005-10-31 00:00:00+00:00,31.440000534057617,31.59000015258789,31.149999618530273,31.450000762939453,16.29073715209961,2605100.0
2005-11-01 00:00:00+00:00,31.549999237060547,31.549999237060547,30.799999237060547,30.829999923706055,15.96957778930664,3338100.0
2005-11-02 00:00:00+00:00,30.719999313354492,31.0,30.510000228881836,30.950000762939453,16.031742095947266,4953700.0
2005-11-03 00:00:00+00:00,30.809999465942383,31.170000076293945,30.780000686645508,30.93000030517578,16.02137565612793,3935600.0
2005-11-04 00:00:00+00:00,30.899999618530273,31.270000457763672,30.81999969482422,30.889999389648438,16.00066375732422,2902300.0
2005-11-07 00:00:00+00:00,31.600000381469727,31.600000381469727,30.709999084472656,30.809999465942383,15.959216117858887,4170200.0
2005-11-08 00:00:00+00:00,30.649999618530273,31.030000686645508,30.600000381469727,30.799999237060547,15.954047203063965,1748100.0
2005-11-09 00:00:00+00:00,30.649999618530273,31.260000228881836,30.649999618530273,31.06999969482422,16.09389877319336,3232700.0
2005-11-10 00:00:00+00:00,31.010000228881836,31.190000534057617,30.530000686645508,30.920000076293945,16.016197204589844,2886500.0
2005-11-11 00:00:00+00:00,30.899999618530273,30.979999542236328,30.5,30.639999389648438,15.871163368225098,1847300.0
2005-11-14 00:00:00+00:00,30.5,30.770000457763672,30.40999984741211,30.440000534057617,15.767565727233887,2760700.0
2005-11-15 00:00:00+00:00,30.600000381469727,30.729999542236328,30.299999237060547,30.5,15.7986421585083,2324500.0
2005-11-16 00:00:00+00:00,30.469999313354492,30.889999389648438,30.459999084472656,30.780000686645508,15.943686485290527,3454900.0
2005-11-17 00:00:00+00:00,30.809999465942383,31.270000457763672,30.809999465942383,31.229999542236328,16.176776885986328,3106800.0
2005-11-18 00:00:00+00:00,31.280000686645508,31.469999313354492,30.829999923706055,31.170000076293945,16.14569664001465,3201400.0
2005-11-21 00:00:00+00:00,31.25,31.360000610351562,31.100000381469727,31.239999771118164,16.181955337524414,1784700.0
2005-11-22 00:00:00+00:00,31.299999237060547,31.389999389648438,31.079999923706055,31.239999771118164,16.181955337524414,2973600.0
2005-11-23 00:00:00+00:00,31.31999969482422,31.729999542236328,31.209999084472656,31.6299991607666,16.38397216796875,2901400.0
2005-11-24 00:00:00+00:00,,,,,,
2005-11-25 00:00:00+00:00,31.639999389648438,31.75,31.610000610351562,31.75,16.446125030517578,298400.0
2005-11-28 00:00:00+00:00,31.6200008392334,31.799999237060547,31.510000228881836,31.6299991607666,16.38397216796875,1760000.0
2005-11-29 00:00:00+00:00,31.829999923706055,31.969999313354492,31.65999984741211,31.709999084472656,16.425413131713867,1810500.0
2005-11-30 00:00:00+00:00,31.93000030517578,31.940000534057617,31.3700008392334,31.399999618530273,16.264833450317383,2222200.0
2005-12-01 00:00:00+00:00,31.459999084472656,32.349998474121094,30.459999084472656,31.520000457763672,16.326990127563477,1810800.0
2005-12-02 00:00:00+00:00,31.579999923706055,31.610000610351562,31.389999389648438,31.56999969482422,16.352893829345703,1563800.0
2005-12-05 00:00:00+00:00,31.510000228881836,31.729999542236328,31.31999969482422,31.549999237060547,16.342533111572266,4298700.0
2005-12-06 00:00:00+00:00,31.600000381469727,31.700000762939453,31.459999084472656,31.459999084472656,16.295917510986328,848800.0
2005-12-07 00:00:00+00:00,31.450000762939453,31.65999984741211,31.15999984741211,31.309999465942383,16.218217849731445,1566800.0
2005-12-08 00:00:00+00:00,31.1200008392334,31.739999771118164,31.1200008392334,31.639999389648438,16.389150619506836,1196400.0
2005-12-09 00:00:00+00:00,31.559999465942383,32.040000915527344,31.549999237060547,32.0,16.575632095336914,1343800.0
2005-12-12 00:00:00+00:00,31.969999313354492,32.119998931884766,31.690000534057617,31.700000762939453,16.420230865478516,2381500.0
2005-12-13 00:00:00+00:00,31.670000076293945,32.16999816894531,31.670000076293945,32.16999816894531,16.66368865966797,1169300.0
2005-12-14 00:00:00+00:00,32.20000076293945,32.58000183105469,32.16999816894531,32.529998779296875,16.850162506103516,1929400.0
2005-12-15 00:00:00+00:00,32.58000183105469,32.72999954223633,32.45000076293945,32.599998474121094,16.88642692565918,3138800.0
2005-12-16 00:00:00+00:00,32.54999923706055,32.75,32.290000915527344,32.310001373291016,16.8853816986084,774000.0
2005-12-19 00:00:00+00:00,32.27000045776367,32.369998931884766,31.799999237060547,31.8799991607666,16.66065788269043,2274400.0
2005-12-20 00:00:00+00:00,31.829999923706055,32.02000045776367,31.760000228881836,31.93000030517578,16.686786651611328,1399200.0
2005-12-21 00:00:00+00:00,31.940000534057617,32.15999984741211,31.56999969482422,31.639999389648438,16.53523063659668,3122600.0
2005-12-22 00:00:00+00:00,31.600000381469727,31.81999969482422,31.459999084472656,31.780000686645508,16.608388900756836,1007700.0
2005-12-23 00:00:00+00:00,31.739999771118164,31.920000076293945,31.739999771118164,31.84000015258789,16.63974952697754,899800.0
2005-12-26 00:00:00+00:00,,,,,,
2005-12-27 00:00:00+00:00,31.6200008392334,31.84000015258789,31.6200008392334,31.780000686645508,16.608388900756836,2075000.0
2005-12-28 00:00:00+00:00,31.829999923706055,31.850000381469727,31.489999771118164,31.6200008392334,16.524778366088867,6315000.0
2005-12-29 00:00:00+00:00,31.690000534057617,31.729999542236328,31.520000457763672,31.559999465942383,16.493423461914062,1360500.0
2005-12-30 00:00:00+00:00,31.350000381469727,31.5,31.280000686645508,31.389999389648438,16.404579162597656,2297600.0
2006-01-02 00:00:00+00:00,,,,,,
2006-01-03 00:00:00+00:00,31.59000015258789,32.08000183105469,31.280000686645508,32.0,16.723377227783203,3912200.0
2006-01-04 00:00:00+00:00,32.09000015258789,32.119998931884766,31.610000610351562,32.04999923706055,16.74950408935547,4682400.0
2006-01-05 00:00:00+00:00,31.969999313354492,32.20000076293945,31.799999237060547,31.84000015258789,16.63974952697754,1557000.0
2006-01-06 00:00:00+00:00,32.0,32.189998626708984,31.84000015258789,32.18000030517578,16.817432403564453,939100.0
2006-01-09 00:00:00+00:00,32.11000061035156,32.16999816894531,31.8700008392334,31.979999542236328,16.71291732788086,2000200.0
2006-01-10 00:00:00+00:00,31.809999465942383,32.099998474121094,31.790000915527344,32.029998779296875,16.739049911499023,2480300.0
2006-01-11 00:00:00+00:00,31.90999984741211,32.09000015258789,31.889999389648438,31.979999542236328,16.71291732788086,2358900.0
2006-01-12 00:00:00+00:00,31.950000762939453,32.13999938964844,31.90999984741211,31.979999542236328,16.71291732788086,2024000.0
2006-01-13 00:00:00+00:00,31.0,32.220001220703125,31.0,32.20000076293945,16.82788848876953,1651500.0
2006-01-16 00:00:00+00:00,,,,,,
2006-01-17 00:00:00+00:00,32.20000076293945,32.54999923706055,32.0099983215332,32.540000915527344,17.005577087402344,7231400.0
2006-01-18 00:00:00+00:00,32.29999923706055,32.7400016784668,32.29999923706055,32.61000061035156,17.04216194152832,8649500.0
2006-01-19 00:00:00+00:00,32.939998626708984,32.9900016784668,32.5099983215332,32.900001525878906,17.1937198638916,7795500.0
2006-01-20 00:00:00+00:00,33.0,33.119998931884766,32.5,32.709999084472656,17.094419479370117,4059100.0
2006-01-23 00:00:00+00:00,33.650001525878906,33.650001525878906,32.560001373291016,32.65999984741211,17.068281173706055,6164400.0
2006-01-24 00:00:00+00:00,32.77000045776367,32.970001220703125,32.68000030517578,32.95000076293945,17.219846725463867,2206800.0
2006-01-25 00:00:00+00:00,32.720001220703125,33.09000015258789,32.29999923706055,32.5,16.98466682434082,4167100.0
2006-01-26 00:00:00+00:00,32.630001068115234,32.75,32.060001373291016,32.209999084472656,16.83311653137207,3138300.0
2006-01-27 00:00:00+00:00,32.380001068115234,32.599998474121094,32.25,32.38999938964844,16.92718505859375,2285100.0
2006-01-30 00:00:00+00:00,32.27000045776367,32.43000030517578,32.15999984741211,32.16999816894531,16.812210083007812,1359500.0
2006-01-31 00:00:00+00:00,32.189998626708984,32.34000015258789,32.06999969482422,32.150001525878906,16.801759719848633,2676800.0
2006-02-01 00:00:00+00:00,32.290000915527344,32.36000061035156,32.0,32.2400016784668,16.848800659179688,2784600.0
2006-02-02 00:00:00+00:00,32.130001068115234,32.34000015258789,31.68000030517578,31.81999969482422,16.629301071166992,5531200.0
2006-02-03 00:00:00+00:00,31.829999923706055,31.84000015258789,31.43000030517578,31.65999984741211,16.545679092407227,2526500.0
2006-02-06 00:00:00+00:00,31.540000915527344,31.940000534057617,31.540000915527344,31.850000381469727,16.644975662231445,2459100.0
2006-02-07 00:00:00+00:00,31.719999313354492,32.20000076293945,31.559999465942383,31.65999984741211,16.545679092407227,1762100.0
2006-02-08 00:00:00+00:00,31.579999923706055,32.599998474121094,31.520000457763672,31.649999618530273,16.540456771850586,2053800.0
2006-02-09 00:00:00+00:00,31.579999923706055,31.950000762939453,31.56999969482422,31.760000228881836,16.597938537597656,3077200.0
2006-02-10 00:00:00+00:00,31.700000762939453,32.029998779296875,31.59000015258789,31.780000686645508,16.608388900756836,3768300.0
2006-02-13 00:00:00+00:00,31.65999984741211,31.889999389648438,31.65999984741211,31.739999771118164,16.587491989135742,1612600.0
2006-02-14 00:00:00+00:00,31.860000610351562,31.860000610351562,31.299999237060547,31.709999084472656,16.57181167602539,2703900.0
2006-02-15 00:00:00+00:00,31.65999984741211,32.0,31.579999923706055,31.760000228881836,16.597938537597656,2891300.0
2006-02-16 00:00:00+00:00,31.6200008392334,32.70000076293945,31.6200008392334,32.0099983215332,16.72858428955078,1194700.0
2006-02-17 00:00:00+00:00,32.45000076293945,32.45000076293945,31.649999618530273,32.29999923706055,16.880146026611328,4265300.0
2006-02-20 00:00:00+00:00,,,,,,
2006-02-21 00:00:00+00:00,32.36000061035156,32.599998474121094,32.209999084472656,32.349998474121094,16.906282424926758,3302800.0
2006-02-22 00:00:00+00:00,32.540000915527344,32.61000061035156,32.349998474121094,32.470001220703125,16.96898651123047,1673800.0
2006-02-23 00:00:00+00:00,32.5,32.560001373291016,32.31999969482422,32.43000030517578,16.948087692260742,1946200.0
2006-02-24 00:00:00+00:00,33.380001068115234,33.380001068115234,32.38999938964844,32.529998779296875,17.000347137451172,1364500.0
2006-02-27 00:00:00+00:00,32.619998931884766,32.91999816894531,32.619998931884766,32.790000915527344,17.136226654052734,5540400.0
2006-02-28 00:00:00+00:00,32.83000183105469,32.970001220703125,32.43000030517578,32.56999969482422,17.02124786376953,1483500.0
2006-03-01 00:00:00+00:00,32.279998779296875,32.689998626708984,32.279998779296875,32.47999954223633,16.974220275878906,1656500.0
2006-03-02 00:00:00+00:00,32.0099983215332,32.52000045776367,32.0099983215332,32.459999084472656,16.963768005371094,2392800.0
2006-03-03 00:00:00+00:00,32.36000061035156,32.650001525878906,32.220001220703125,32.29999923706055,16.880146026611328,2322500.0
2006-03-06 00:00:00+00:00,32.349998474121094,32.400001525878906,31.600000381469727,31.780000686645508,16.608388900756836,3958800.0
2006-03-07 00:00:00+00:00,31.510000228881836,31.649999618530273,31.40999984741211,31.6299991607666,16.530000686645508,4174200.0
2006-03-08 00:00:00+00:00,31.459999084472656,31.8700008392334,31.1200008392334,31.600000381469727,16.51432228088379,3873000.0
2006-03-09 00:00:00+00:00,31.559999465942383,32.0,31.450000762939453,31.510000228881836,16.4672908782959,3044900.0
2006-03-10 00:00:00+00:00,31.43000030517578,31.780000686645508,31.420000076293945,31.709999084472656,16.57181167602539,3386500.0
2006-03-13 00:00:00+00:00,31.729999542236328,31.899999618530273,31.639999389648438,31.75,16.592714309692383,2828800.0
2006-03-14 00:00:00+00:00,31.709999084472656,32.15999984741211,31.709999084472656,32.09000015258789,16.77039909362793,1983500.0
2006-03-15 00:00:00+00:00,32.0099983215332,32.31999969482422,31.739999771118164,32.29999923706055,16.880146026611328,1290400.0
2006-03-16 00:00:00+00:00,32.29999923706055,32.61000061035156,32.220001220703125,32.470001220703125,16.96898651123047,2417700.0
2006-03-17 00:00:00+00:00,32.349998474121094,32.349998474121094,32.04999923706055,32.150001525878906,16.92791748046875,1572800.0
2006-03-20 00:00:00+00:00,32.25,32.25,31.639999389648438,31.68000030517578,16.680456161499023,1709100.0
2006-03-21 00:00:00+00:00,31.540000915527344,31.690000534057617,31.299999237060547,31.440000534057617,16.5540828704834,2405200.0
2006-03-22 00:00:00+00:00,31.399999618530273,31.690000534057617,31.270000457763672,31.59000015258789,16.6330623626709,2832700.0
2006-03-23 00:00:00+00:00,31.540000915527344,31.59000015258789,31.389999389648438,31.549999237060547,16.61200714111328,2265000.0
2006-03-24 00:00:00+00:00,31.600000381469727,31.649999618530273,31.40999984741211,31.489999771118164,16.580413818359375,1192000.0
2006-03-27 00:00:00+00:00,31.3700008392334,31.479999542236328,31.209999084472656,31.280000686645508,16.46984100341797,1844000.0
2006-03-28 00:00:00+00:00,31.149999618530273,31.3799991607666,31.010000228881836,31.149999618530273,16.401391983032227,5874700.0
2006-03-29 00:00:00+00:00,31.059999465942383,31.5,31.059999465942383,31.34000015258789,16.501440048217773,2493400.0
2006-03-30 00:00:00+00:00,31.1200008392334,31.440000534057617,30.959999084472656,31.059999465942383,16.354007720947266,2683800.0
2006-03-31 00:00:00+00:00,31.079999923706055,31.200000762939453,30.780000686645508,30.829999923706055,16.232912063598633,4076500.0
2006-04-03 00:00:00+00:00,30.979999542236328,31.209999084472656,30.850000381469727,30.8700008392334,16.25396728515625,2613900.0
2006-04-04 00:00:00+00:00,30.809999465942383,31.329999923706055,30.799999237060547,31.200000762939453,16.427719116210938,5013100.0
2006-04-05 00:00:00+00:00,31.209999084472656,31.59000015258789,31.110000610351562,31.5,16.58568000793457,3168400.0
2006-04-06 00:00:00+00:00,31.489999771118164,31.6200008392334,30.959999084472656,31.110000610351562,16.380338668823242,2571800.0
2006-04-07 00:00:00+00:00,31.010000228881836,31.110000610351562,30.510000228881836,30.670000076293945,16.148662567138672,3738400.0
2006-04-10 00:00:00+00:00,30.420000076293945,30.889999389648438,30.420000076293945,30.65999984741211,16.143390655517578,2423500.0
2006-04-11 00:00:00+00:00,30.670000076293945,30.739999771118164,30.260000228881836,30.309999465942383,15.95910930633545,2368700.0
2006-04-12 00:00:00+00:00,30.3799991607666,30.420000076293945,30.280000686645508,30.3799991607666,15.995966911315918,2572000.0
2006-04-13 00:00:00+00:00,30.200000762939453,30.360000610351562,30.15999984741211,30.239999771118164,15.92225456237793,1826500.0
2006-04-14 00:00:00+00:00,,,,,,
2006-04-17 00:00:00+00:00,30.149999618530273,30.260000228881836,30.100000381469727,30.209999084472656,15.90645694732666,1554000.0
2006-04-18 00:00:00+00:00,30.209999084472656,30.899999618530273,30.149999618530273,30.790000915527344,16.21183967590332,5576900.0
2006-04-19 00:00:00+00:00,30.670000076293945,31.0,30.670000076293945,30.889999389648438,16.264488220214844,2467800.0
2006-04-20 00:00:00+00:00,30.799999237060547,31.290000915527344,30.75,31.110000610351562,16.380338668823242,1956100.0
2006-04-21 00:00:00+00:00,31.280000686645508,31.5,31.1200008392334,31.25,16.45404815673828,2664400.0
2006-04-24 00:00:00+00:00,31.200000762939453,31.559999465942383,31.010000228881836,31.540000915527344,16.606740951538086,1898100.0
2006-04-25 00:00:00+00:00,31.459999084472656,31.459999084472656,30.959999084472656,31.09000015258789,16.369808197021484,2885100.0
2006-04-26 00:00:00+00:00,31.020000457763672,31.139999389648438,30.700000762939453,30.780000686645508,16.20657730102539,2453600.0
2006-04-27 00:00:00+00:00,30.540000915527344,31.34000015258789,30.5,31.190000534057617,16.422454833984375,5391000.0
2006-04-28 00:00:00+00:00,31.0,31.360000610351562,30.90999984741211,31.31999969482422,16.490901947021484,1830800.0
2006-05-01 00:00:00+00:00,31.34000015258789,31.43000030517578,30.8700008392334,31.030000686645508,16.338211059570312,2143300.0
2006-05-02 00:00:00+00:00,31.030000686645508,31.6200008392334,31.030000686645508,31.530000686645508,16.601476669311523,4416600.0
2006-05-03 00:00:00+00:00,31.399999618530273,31.510000228881836,31.260000228881836,31.43000030517578,16.548816680908203,3263900.0
2006-05-04 00:00:00+00:00,31.399999618530273,31.530000686645508,31.299999237060547,31.469999313354492,16.56987953186035,1797200.0
2006-05-05 00:00:00+00:00,31.649999618530273,32.18000030517578,31.610000610351562,32.18000030517578,16.943721771240234,4026700.0
2006-05-08 00:00:00+00:00,32.189998626708984,32.189998626708984,31.84000015258789,31.93000030517578,16.81207847595215,1507900.0
2006-05-09 00:00:00+00:00,31.950000762939453,31.979999542236328,31.610000610351562,31.65999984741211,16.669925689697266,1234800.0
2006-05-10 00:00:00+00:00,31.65999984741211,31.90999984741211,31.510000228881836,31.90999984741211,16.80155372619629,2229400.0
2006-05-11 00:00:00+00:00,31.90999984741211,31.90999984741211,31.440000534057617,31.610000610351562,16.643592834472656,2420200.0
2006-05-12 00:00:00+00:00,31.450000762939453,31.6299991607666,31.229999542236328,31.260000228881836,16.459306716918945,2949200.0
2006-05-15 00:00:00+00:00,31.110000610351562,31.579999923706055,31.0,31.459999084472656,16.56461524963379,2226600.0
2006-05-16 00:00:00+00:00,31.510000228881836,31.549999237060547,31.290000915527344,31.31999969482422,16.490901947021484,2352400.0
2006-05-17 00:00:00+00:00,31.06999969482422,31.270000457763672,30.709999084472656,30.84000015258789,16.2381649017334,6927900.0
2006-05-18 00:00:00+00:00,30.75,31.079999923706055,30.690000534057617,30.829999923706055,16.232912063598633,4754200.0
2006-05-19 00:00:00+00:00,30.899999618530273,31.350000381469727,30.84000015258789,31.09000015258789,16.369808197021484,3360500.0
2006-05-22 00:00:00+00:00,31.010000228881836,31.540000915527344,30.940000534057617,31.329999923706055,16.49616050720215,3752600.0
2006-05-23 00:00:00+00:00,31.3700008392334,31.530000686645508,30.8799991607666,30.889999389648438,16.264488220214844,2133100.0
2006-05-24 00:00:00+00:00,30.829999923706055,31.1299991607666,30.549999237060547,31.0,16.322410583496094,5290700.0
2006-05-25 00:00:00+00:00,31.200000762939453,31.329999923706055,31.010000228881836,31.290000915527344,16.475112915039062,3197600.0
2006-05-26 00:00:00+00:00,31.350000381469727,31.65999984741211,31.309999465942383,31.6299991607666,16.654125213623047,2618700.0
2006-05-29 00:00:00+00:00,,,,,,
2006-05-30 00:00:00+00:00,31.600000381469727,31.690000534057617,31.309999465942383,31.309999465942383,16.485637664794922,2165900.0
2006-05-31 00:00:00+00:00,31.5,32.04999923706055,31.5,31.829999923706055,16.75943374633789,2292900.0
2006-06-01 00:00:00+00:00,31.709999084472656,32.18000030517578,31.56999969482422,32.150001525878906,16.92791748046875,2690500.0
2006-06-02 00:00:00+00:00,32.34000015258789,32.560001373291016,32.08000183105469,32.540000915527344,17.133272171020508,4726800.0
2006-06-05 00:00:00+00:00,32.54999923706055,32.599998474121094,32.150001525878906,32.150001525878906,16.92791748046875,2227100.0
2006-06-06 00:00:00+00:00,32.099998474121094,32.38999938964844,31.850000381469727,32.209999084472656,16.959510803222656,4035400.0
2006-06-07 00:00:00+00:00,32.25,32.41999816894531,32.060001373291016,32.09000015258789,16.89632797241211,2559300.0
2006-06-08 00:00:00+00:00,32.150001525878906,32.31999969482422,31.940000534057617,32.20000076293945,16.954248428344727,13835700.0
2006-06-09 00:00:00+00:00,32.45000076293945,32.599998474121094,32.130001068115234,32.470001220703125,17.096412658691406,3280200.0
2006-06-12 00:00:00+00:00,32.630001068115234,32.77000045776367,32.43000030517578,32.540000915527344,17.133272171020508,7724100.0
2006-06-13 00:00:00+00:00,32.54999923706055,32.630001068115234,32.06999969482422,32.150001525878906,16.92791748046875,6806000.0
2006-06-14 00:00:00+00:00,32.150001525878906,32.20000076293945,31.68000030517578,31.90999984741211,16.80155372619629,2745100.0
2006-06-15 00:00:00+00:00,32.150001525878906,32.4900016784668,31.950000762939453,32.400001525878906,17.059555053710938,4474800.0
2006-06-16 00:00:00+00:00,32.04999923706055,32.29999923706055,31.950000762939453,32.11000061035156,17.048404693603516,2302100.0
2006-06-19 00:00:00+00:00,32.08000183105469,32.349998474121094,31.530000686645508,31.670000076293945,16.814796447753906,4663800.0
2006-06-20 00:00:00+00:00,31.700000762939453,31.920000076293945,31.56999969482422,31.75,16.857275009155273,2508000.0
2006-06-21 00:00:00+00:00,31.850000381469727,31.90999984741211,31.610000610351562,31.719999313354492,16.841339111328125,1529700.0
2006-06-22 00:00:00+00:00,31.610000610351562,31.709999084472656,31.329999923706055,31.610000610351562,16.782936096191406,2787800.0
2006-06-23 00:00:00+00:00,31.3700008392334,31.950000762939453,31.3700008392334,31.65999984741211,16.809476852416992,1062500.0
2006-06-26 00:00:00+00:00,31.600000381469727,31.81999969482422,31.600000381469727,31.790000915527344,16.87850570678711,1759100.0
2006-06-27 00:00:00+00:00,31.829999923706055,32.060001373291016,31.56999969482422,31.670000076293945,16.814796447753906,2518900.0
2006-06-28 00:00:00+00:00,31.639999389648438,31.8700008392334,31.639999389648438,31.760000228881836,16.862577438354492,4097100.0
2006-06-29 00:00:00+00:00,31.809999465942383,32.2400016784668,31.809999465942383,32.16999816894531,17.080259323120117,2307100.0
2006-06-30 00:00:00+00:00,32.16999816894531,32.41999816894531,32.150001525878906,32.290000915527344,17.143978118896484,3579600.0
2006-07-03 00:00:00+00:00,32.400001525878906,32.650001525878906,32.2599983215332,32.650001525878906,17.335107803344727,886200.0
2006-07-04 00:00:00+00:00,,,,,,
2006-07-05 00:00:00+00:00,32.400001525878906,32.650001525878906,32.36000061035156,32.43000030517578,17.218303680419922,2055900.0
2006-07-06 00:00:00+00:00,32.529998779296875,32.56999969482422,32.150001525878906,32.2599983215332,17.128042221069336,1678400.0
2006-07-07 00:00:00+00:00,32.310001373291016,32.650001525878906,32.2599983215332,32.5099983215332,17.260778427124023,1415900.0
2006-07-10 00:00:00+00:00,32.529998779296875,32.790000915527344,32.529998779296875,32.689998626708984,17.35634994506836,5482600.0
2006-07-11 00:00:00+00:00,32.7400016784668,32.970001220703125,32.70000076293945,32.939998626708984,17.48908233642578,4100000.0
2006-07-12 00:00:00+00:00,32.93000030517578,33.0,32.66999816894531,32.779998779296875,17.40413475036621,3836700.0
2006-07-13 00:00:00+00:00,32.54999923706055,32.95000076293945,32.5,32.65999984741211,17.340417861938477,6685400.0
2006-07-14 00:00:00+00:00,32.790000915527344,32.790000915527344,32.349998474121094,32.65999984741211,17.340417861938477,5639100.0
2006-07-17 00:00:00+00:00,32.56999969482422,32.86000061035156,32.56999969482422,32.75,17.388206481933594,2898800.0
2006-07-18 00:00:00+00:00,32.75,32.849998474121094,32.66999816894531,32.79999923706055,17.414758682250977,4617900.0
2006-07-19 00:00:00+00:00,32.939998626708984,33.33000183105469,32.90999984741211,33.29999923706055,17.68022346496582,3351700.0
2006-07-20 00:00:00+00:00,33.29999923706055,33.560001373291016,33.22999954223633,33.380001068115234,17.72269630432129,2256600.0
2006-07-21 00:00:00+00:00,33.31999969482422,33.65999984741211,33.31999969482422,33.459999084472656,17.765174865722656,4235900.0
2006-07-24 00:00:00+00:00,33.709999084472656,33.81999969482422,33.54999923706055,33.77000045776367,17.929771423339844,3517800.0
2006-07-25 00:00:00+00:00,33.84000015258789,34.0,33.720001220703125,33.90999984741211,18.004091262817383,1842700.0
2006-07-26 00:00:00+00:00,33.9900016784668,34.11000061035156,33.849998474121094,34.029998779296875,18.067800521850586,3381300.0
2006-07-27 00:00:00+00:00,34.279998779296875,34.279998779296875,33.7599983215332,33.7599983215332,17.924448013305664,4874400.0
2006-07-28 00:00:00+00:00,33.810001373291016,34.220001220703125,33.7599983215332,33.9900016784668,18.046573638916016,4373700.0
2006-07-31 00:00:00+00:00,34.0099983215332,34.130001068115234,33.810001373291016,33.84000015258789,17.966922760009766,1633700.0
2006-08-01 00:00:00+00:00,33.84000015258789,34.2599983215332,33.720001220703125,34.2599983215332,18.189922332763672,4834800.0
2006-08-02 00:00:00+00:00,34.279998779296875,34.38999938964844,34.150001525878906,34.22999954223633,18.17399024963379,6457100.0
2006-08-03 00:00:00+00:00,34.20000076293945,34.290000915527344,33.959999084472656,34.060001373291016,18.083738327026367,5445600.0
2006-08-04 00:00:00+00:00,34.38999938964844,34.41999816894531,33.970001220703125,34.06999969482422,18.08903694152832,4422400.0
2006-08-07 00:00:00+00:00,34.09000015258789,34.2400016784668,33.65999984741211,33.66999816894531,17.876665115356445,1578400.0
2006-08-08 00:00:00+00:00,33.68000030517578,34.130001068115234,33.68000030517578,33.9900016784668,18.046573638916016,3217700.0
2006-08-09 00:00:00+00:00,34.02000045776367,34.25,33.970001220703125,34.0,18.05187225341797,2537100.0
2006-08-10 00:00:00+00:00,34.040000915527344,34.060001373291016,33.81999969482422,33.95000076293945,18.025325775146484,2903200.0
2006-08-11 00:00:00+00:00,33.9900016784668,34.0099983215332,33.81999969482422,33.869998931884766,17.98285484313965,2212100.0
2006-08-14 00:00:00+00:00,34.0,34.209999084472656,34.0,34.099998474121094,18.10497283935547,2453300.0
2006-08-15 00:00:00+00:00,34.18000030517578,34.40999984741211,34.18000030517578,34.31999969482422,18.221778869628906,4039000.0
2006-08-16 00:00:00+00:00,34.459999084472656,34.47999954223633,33.970001220703125,34.0,18.05187225341797,3826900.0
2006-08-17 00:00:00+00:00,34.0,34.0,33.68000030517578,33.959999084472656,18.030635833740234,4875300.0
2006-08-18 00:00:00+00:00,33.880001068115234,34.349998474121094,33.880001068115234,34.34000015258789,18.232397079467773,2868200.0
2006-08-21 00:00:00+00:00,34.27000045776367,34.5,34.2599983215332,34.40999984741211,18.269563674926758,2766800.0
2006-08-22 00:00:00+00:00,34.31999969482422,34.59000015258789,34.31999969482422,34.529998779296875,18.333263397216797,1219100.0
2006-08-23 00:00:00+00:00,34.70000076293945,34.70000076293945,34.13999938964844,34.16999816894531,18.142135620117188,2384000.0
2006-08-24 00:00:00+00:00,34.38999938964844,34.38999938964844,34.16999816894531,34.310001373291016,18.216466903686523,2610000.0
2006-08-25 00:00:00+00:00,34.29999923706055,34.43000030517578,34.25,34.310001373291016,18.216466903686523,2064700.0
2006-08-28 00:00:00+00:00,34.38999938964844,34.65999984741211,34.27000045776367,34.56999969482422,18.354516983032227,5336800.0
2006-08-29 00:00:00+00:00,34.66999816894531,34.70000076293945,34.41999816894531,34.599998474121094,18.370441436767578,2657800.0
2006-08-30 00:00:00+00:00,34.7400016784668,34.7400016784668,34.400001525878906,34.41999816894531,18.274864196777344,2408400.0
2006-08-31 00:00:00+00:00,34.43000030517578,34.869998931884766,34.43000030517578,34.77000045776367,18.460704803466797,1994900.0
2006-09-01 00:00:00+00:00,34.91999816894531,34.91999816894531,34.72999954223633,34.79999923706055,18.476625442504883,3651100.0
2006-09-04 00:00:00+00:00,,,,,,
2006-09-05 00:00:00+00:00,34.79999923706055,34.869998931884766,34.34000015258789,34.43000030517578,18.280179977416992,3910900.0
2006-09-06 00:00:00+00:00,34.29999923706055,34.470001220703125,34.15999984741211,34.29999923706055,18.21116065979004,4915700.0
2006-09-07 00:00:00+00:00,34.099998474121094,34.380001068115234,34.099998474121094,34.349998474121094,18.237703323364258,2636900.0
2006-09-08 00:00:00+00:00,34.279998779296875,34.439998626708984,34.279998779296875,34.349998474121094,18.237703323364258,5329400.0
2006-09-11 00:00:00+00:00,34.22999954223633,34.400001525878906,34.150001525878906,34.22999954223633,18.17399024963379,6532500.0
2006-09-12 00:00:00+00:00,34.15999984741211,34.54999923706055,33.900001525878906,34.04999923706055,18.078433990478516,10639600.0
2006-09-13 00:00:00+00:00,34.0,34.130001068115234,33.72999954223633,34.119998931884766,18.115585327148438,5627200.0
2006-09-14 00:00:00+00:00,33.97999954223633,34.310001373291016,33.849998474121094,33.97999954223633,18.041261672973633,3182700.0
2006-09-15 00:00:00+00:00,33.849998474121094,33.849998474121094,33.66999816894531,33.720001220703125,18.04768180847168,3489000.0
2006-09-18 00:00:00+00:00,33.619998931884766,33.790000915527344,33.470001220703125,33.619998931884766,17.994159698486328,3027900.0
2006-09-19 00:00:00+00:00,33.56999969482422,33.779998779296875,33.560001373291016,33.689998626708984,18.031625747680664,6799600.0
2006-09-20 00:00:00+00:00,33.63999938964844,33.810001373291016,33.619998931884766,33.63999938964844,18.004867553710938,3565400.0
2006-09-21 00:00:00+00:00,33.58000183105469,33.68000030517578,33.439998626708984,33.59000015258789,17.97810173034668,11840400.0
2006-09-22 00:00:00+00:00,33.59000015258789,33.619998931884766,33.4900016784668,33.54999923706055,17.956695556640625,3837900.0
2006-09-25 00:00:00+00:00,33.54999923706055,34.13999938964844,33.54999923706055,34.02000045776367,18.208251953125,3236000.0
2006-09-26 00:00:00+00:00,33.75,34.91999816894531,32.36000061035156,33.970001220703125,18.18149185180664,4512600.0
2006-09-27 00:00:00+00:00,33.900001525878906,34.459999084472656,33.900001525878906,34.439998626708984,18.433048248291016,3768000.0
2006-09-28 00:00:00+00:00,34.54999923706055,34.59000015258789,34.20000076293945,34.33000183105469,18.374168395996094,2643600.0
2006-09-29 00:00:00+00:00,34.4900016784668,34.4900016784668,33.939998626708984,33.9900016784668,18.192195892333984,3217800.0
2006-10-02 00:00:00+00:00,34.189998626708984,34.43000030517578,34.0099983215332,34.2400016784668,18.326000213623047,2674300.0
2006-10-03 00:00:00+00:00,34.119998931884766,34.5,33.93000030517578,34.380001068115234,18.40093231201172,5995500.0
2006-10-04 00:00:00+00:00,34.459999084472656,34.52000045776367,34.27000045776367,34.52000045776367,18.475862503051758,4585300.0
2006-10-05 00:00:00+00:00,34.459999084472656,34.93000030517578,34.31999969482422,34.40999984741211,18.41698455810547,3553200.0
2006-10-06 00:00:00+00:00,34.27000045776367,34.36000061035156,34.06999969482422,34.220001220703125,18.315290451049805,5548000.0
2006-10-09 00:00:00+00:00,34.18000030517578,34.279998779296875,34.02000045776367,34.189998626708984,18.299240112304688,3019900.0
2006-10-10 00:00:00+00:00,34.220001220703125,34.439998626708984,34.08000183105469,34.439998626708984,18.433048248291016,3658600.0
2006-10-11 00:00:00+00:00,34.38999938964844,34.56999969482422,34.310001373291016,34.52000045776367,18.475862503051758,3043600.0
2006-10-12 00:00:00+00:00,34.599998474121094,34.599998474121094,34.369998931884766,34.5099983215332,18.470508575439453,5498300.0
2006-10-13 00:00:00+00:00,34.459999084472656,34.58000183105469,34.36000061035156,34.54999923706055,18.49191665649414,3570200.0
2006-10-16 00:00:00+00:00,34.45000076293945,34.720001220703125,34.45000076293945,34.720001220703125,18.582904815673828,3148000.0
2006-10-17 00:00:00+00:00,34.709999084472656,34.97999954223633,34.470001220703125,34.869998931884766,18.663179397583008,4641200.0
2006-10-18 00:00:00+00:00,35.41999816894531,35.41999816894531,34.93000030517578,35.25,18.8665714263916,2246600.0
2006-10-19 00:00:00+00:00,35.33000183105469,35.4900016784668,35.20000076293945,35.38999938964844,18.941509246826172,2813600.0
2006-10-20 00:00:00+00:00,35.63999938964844,35.65999984741211,35.369998931884766,35.61000061035156,19.059246063232422,2682400.0
2006-10-23 00:00:00+00:00,35.599998474121094,35.779998779296875,35.31999969482422,35.650001525878906,19.080663681030273,4575000.0
2006-10-24 00:00:00+00:00,35.689998626708984,35.7400016784668,35.52000045776367,35.68000030517578,19.09671401977539,3166400.0
2006-10-25 00:00:00+00:00,35.61000061035156,36.15999984741211,35.61000061035156,36.060001373291016,19.30010223388672,8759800.0
2006-10-26 00:00:00+00:00,36.150001525878906,36.150001525878906,35.83000183105469,35.900001525878906,19.214473724365234,4093300.0
2006-10-27 00:00:00+00:00,35.79999923706055,35.900001525878906,35.68000030517578,35.77000045776367,19.14488983154297,2865500.0
2006-10-30 00:00:00+00:00,35.7400016784668,35.869998931884766,35.650001525878906,35.75,19.134178161621094,2807200.0
2006-10-31 00:00:00+00:00,35.75,35.88999938964844,35.65999984741211,35.790000915527344,19.155593872070312,2889500.0
2006-11-01 00:00:00+00:00,35.939998626708984,36.130001068115234,35.849998474121094,36.0099983215332,19.273340225219727,6893400.0
2006-11-02 00:00:00+00:00,35.86000061035156,36.040000915527344,35.689998626708984,35.84000015258789,19.182353973388672,3565800.0
2006-11-03 00:00:00+00:00,35.9900016784668,35.9900016784668,35.43000030517578,35.58000183105469,19.043195724487305,5147900.0
2006-11-06 00:00:00+00:00,35.599998474121094,35.599998474121094,35.209999084472656,35.41999816894531,18.95755958557129,6933900.0
2006-11-07 00:00:00+00:00,35.43000030517578,35.689998626708984,35.2599983215332,35.29999923706055,18.89333152770996,5162200.0
2006-11-08 00:00:00+00:00,35.27000045776367,35.79999923706055,35.2400016784668,35.650001525878906,19.080663681030273,4042200.0
2006-11-09 00:00:00+00:00,35.619998931884766,35.79999923706055,35.400001525878906,35.63999938964844,19.07530975341797,7978100.0
2006-11-10 00:00:00+00:00,35.65999984741211,35.93000030517578,35.65999984741211,35.90999984741211,19.219810485839844,2909500.0
2006-11-13 00:00:00+00:00,35.97999954223633,36.040000915527344,35.86000061035156,35.900001525878906,19.214473724365234,2255100.0
2006-11-14 00:00:00+00:00,35.959999084472656,36.06999969482422,35.79999923706055,35.9900016784668,19.26263427734375,3782100.0
2006-11-15 00:00:00+00:00,36.0,36.0,35.84000015258789,35.869998931884766,19.198410034179688,3269800.0
2006-11-16 00:00:00+00:00,35.959999084472656,36.18000030517578,35.91999816894531,36.0,19.267986297607422,3730000.0
2006-11-17 00:00:00+00:00,36.27000045776367,36.279998779296875,35.880001068115234,36.040000915527344,19.289403915405273,1785600.0
2006-11-20 00:00:00+00:00,36.04999923706055,36.09000015258789,35.91999816894531,35.91999816894531,19.22517204284668,1046700.0
2006-11-21 00:00:00+00:00,35.95000076293945,36.029998779296875,35.869998931884766,35.97999954223633,19.257286071777344,975300.0
2006-11-22 00:00:00+00:00,35.93000030517578,36.150001525878906,35.93000030517578,36.060001373291016,19.30010223388672,1658000.0
2006-11-23 00:00:00+00:00,,,,,,
2006-11-24 00:00:00+00:00,36.150001525878906,36.20000076293945,36.040000915527344,36.20000076293945,19.37503433227539,296400.0
2006-11-27 00:00:00+00:00,36.150001525878906,36.18000030517578,35.75,35.79999923706055,19.16094398498535,2347400.0
2006-11-28 00:00:00+00:00,35.81999969482422,36.13999938964844,35.63999938964844,36.060001373291016,19.30010223388672,1914300.0
2006-11-29 00:00:00+00:00,36.220001220703125,36.560001373291016,36.119998931884766,36.5099983215332,19.540956497192383,3169400.0
2006-11-30 00:00:00+00:00,36.54999923706055,36.7400016784668,36.41999816894531,36.7400016784668,19.664051055908203,2642900.0
2006-12-01 00:00:00+00:00,36.7400016784668,36.86000061035156,36.560001373291016,36.720001220703125,19.65334701538086,2527400.0
2006-12-04 00:00:00+00:00,36.880001068115234,37.18000030517578,36.72999954223633,37.0099983215332,19.808565139770508,1986200.0
2006-12-05 00:00:00+00:00,37.15999984741211,37.38999938964844,37.04999923706055,37.099998474121094,19.85672950744629,4029800.0
2006-12-06 00:00:00+00:00,37.22999954223633,37.25,36.90999984741211,36.91999816894531,19.76038932800293,1993700.0
2006-12-07 00:00:00+00:00,36.9900016784668,37.150001525878906,36.790000915527344,36.880001068115234,19.738981246948242,3017300.0
2006-12-08 00:00:00+00:00,36.81999969482422,36.939998626708984,36.619998931884766,36.77000045776367,19.680105209350586,1986200.0
2006-12-11 00:00:00+00:00,36.810001373291016,36.970001220703125,36.77000045776367,36.970001220703125,19.78714942932129,1897000.0
2006-12-12 00:00:00+00:00,37.040000915527344,37.13999938964844,36.88999938964844,37.11000061035156,19.86208152770996,2800800.0
2006-12-13 00:00:00+00:00,37.189998626708984,37.279998779296875,37.040000915527344,37.25,19.937015533447266,1786000.0
2006-12-14 00:00:00+00:00,37.130001068115234,37.439998626708984,37.130001068115234,37.310001373291016,19.969125747680664,2988400.0
2006-12-15 00:00:00+00:00,37.099998474121094,37.16999816894531,36.86000061035156,36.939998626708984,19.950763702392578,2762800.0
2006-12-18 00:00:00+00:00,36.939998626708984,37.0,36.619998931884766,36.68000030517578,19.81033706665039,1896200.0
2006-12-19 00:00:00+00:00,36.560001373291016,36.95000076293945,36.47999954223633,36.84000015258789,19.89675521850586,2418100.0
2006-12-20 00:00:00+00:00,36.849998474121094,36.95000076293945,36.709999084472656,36.720001220703125,19.83194923400879,1046000.0
2006-12-21 00:00:00+00:00,36.75,36.84000015258789,36.529998779296875,36.70000076293945,19.821138381958008,4136400.0
2006-12-22 00:00:00+00:00,36.599998474121094,36.72999954223633,36.47999954223633,36.56999969482422,19.75093650817871,2591700.0
2006-12-25 00:00:00+00:00,,,,,,
2006-12-26 00:00:00+00:00,36.560001373291016,36.81999969482422,36.5,36.75,19.848146438598633,1393300.0
2006-12-27 00:00:00+00:00,36.88999938964844,37.0099983215332,36.81999969482422,36.95000076293945,19.956157684326172,1447400.0
2006-12-28 00:00:00+00:00,37.099998474121094,37.099998474121094,36.72999954223633,36.72999954223633,19.83734703063965,1411200.0
2006-12-29 00:00:00+00:00,36.810001373291016,36.810001373291016,36.599998474121094,36.720001220703125,19.83194923400879,1313500.0
2007-01-01 00:00:00+00:00,,,,,,
2007-01-02 00:00:00+00:00,,,,,,
2007-01-03 00:00:00+00:00,36.40999984741211,37.099998474121094,36.40999984741211,36.81999969482422,19.885957717895508,4229300.0
2007-01-04 00:00:00+00:00,36.86000061035156,36.939998626708984,36.66999816894531,36.77000045776367,19.858949661254883,2958400.0
2007-01-05 00:00:00+00:00,36.66999816894531,36.66999816894531,35.9900016784668,36.11000061035156,19.50249481201172,3784500.0
2007-01-08 00:00:00+00:00,35.970001220703125,36.220001220703125,35.93000030517578,36.09000015258789,19.491687774658203,2415000.0
2007-01-09 00:00:00+00:00,35.939998626708984,36.18000030517578,35.869998931884766,36.119998931884766,19.50789451599121,2342100.0
2007-01-10 00:00:00+00:00,35.9900016784668,36.20000076293945,35.95000076293945,36.130001068115234,19.513290405273438,1918100.0
2007-01-11 00:00:00+00:00,36.189998626708984,36.36000061035156,36.040000915527344,36.16999816894531,19.534894943237305,4259300.0
2007-01-12 00:00:00+00:00,35.97999954223633,36.25,35.720001220703125,35.869998931884766,19.37287139892578,9920100.0
2007-01-15 00:00:00+00:00,,,,,,
2007-01-16 00:00:00+00:00,35.83000183105469,36.06999969482422,35.83000183105469,35.97999954223633,19.432279586791992,4051700.0
2007-01-17 00:00:00+00:00,35.9900016784668,36.060001373291016,35.849998474121094,36.060001373291016,19.475496292114258,1722400.0
2007-01-18 00:00:00+00:00,36.189998626708984,36.189998626708984,35.900001525878906,36.040000915527344,19.464691162109375,2210300.0
2007-01-19 00:00:00+00:00,35.86000061035156,36.099998474121094,35.70000076293945,36.04999923706055,19.4700870513916,2427100.0
2007-01-22 00:00:00+00:00,36.04999923706055,36.130001068115234,35.970001220703125,36.040000915527344,19.464691162109375,2778500.0
2007-01-23 00:00:00+00:00,36.040000915527344,36.25,35.869998931884766,36.25,19.578109741210938,3458200.0
2007-01-24 00:00:00+00:00,36.25,36.470001220703125,36.150001525878906,36.369998931884766,19.64291763305664,2970800.0
2007-01-25 00:00:00+00:00,36.369998931884766,36.5,36.22999954223633,36.34000015258789,19.626720428466797,4437800.0
2007-01-26 00:00:00+00:00,36.380001068115234,36.380001068115234,36.08000183105469,36.25,19.578109741210938,1950200.0
2007-01-29 00:00:00+00:00,36.25,36.369998931884766,36.209999084472656,36.369998931884766,19.64291763305664,2389600.0
2007-01-30 00:00:00+00:00,36.279998779296875,36.47999954223633,36.279998779296875,36.47999954223633,19.702320098876953,1987100.0
2007-01-31 00:00:00+00:00,36.34000015258789,36.66999816894531,36.25,36.59000015258789,19.761734008789062,6324400.0
2007-02-01 00:00:00+00:00,36.650001525878906,36.939998626708984,36.630001068115234,36.900001525878906,19.929161071777344,2998100.0
2007-02-02 00:00:00+00:00,36.90999984741211,37.099998474121094,36.599998474121094,37.099998474121094,20.03717803955078,2175300.0
2007-02-05 00:00:00+00:00,37.16999816894531,37.56999969482422,37.0,37.5,20.253215789794922,3009100.0
2007-02-06 00:00:00+00:00,37.459999084472656,37.81999969482422,37.459999084472656,37.70000076293945,20.361230850219727,2688100.0
2007-02-07 00:00:00+00:00,37.63999938964844,37.86000061035156,37.63999938964844,37.84000015258789,20.43684196472168,1595300.0
2007-02-08 00:00:00+00:00,37.650001525878906,38.04999923706055,37.650001525878906,37.90999984741211,20.47464942932129,1720000.0
2007-02-09 00:00:00+00:00,37.9900016784668,38.290000915527344,37.849998474121094,38.040000915527344,20.544857025146484,3882400.0
2007-02-12 00:00:00+00:00,38.11000061035156,38.13999938964844,37.900001525878906,37.900001525878906,20.469249725341797,2131500.0
2007-02-13 00:00:00+00:00,37.93000030517578,38.25,37.93000030517578,38.22999954223633,20.64747428894043,3104300.0
2007-02-14 00:00:00+00:00,38.11000061035156,38.58000183105469,38.11000061035156,38.5,20.79329490661621,2598100.0
2007-02-15 00:00:00+00:00,38.40999984741211,38.5,38.150001525878906,38.16999816894531,20.61507797241211,6272800.0
2007-02-16 00:00:00+00:00,38.11000061035156,38.2400016784668,37.9900016784668,38.2400016784668,20.652875900268555,2887700.0
2007-02-19 00:00:00+00:00,,,,,,
2007-02-20 00:00:00+00:00,38.189998626708984,38.400001525878906,38.11000061035156,38.34000015258789,20.706884384155273,2281000.0
2007-02-21 00:00:00+00:00,38.279998779296875,38.290000915527344,38.040000915527344,38.18000030517578,20.6204776763916,1938000.0
2007-02-22 00:00:00+00:00,38.20000076293945,38.369998931884766,38.040000915527344,38.22999954223633,20.64747428894043,2019500.0
2007-02-23 00:00:00+00:00,38.25,38.70000076293945,38.18000030517578,38.66999816894531,20.885112762451172,3985200.0
2007-02-26 00:00:00+00:00,39.5,40.29999923706055,39.43000030517578,39.59000015258789,21.38199234008789,7878600.0
2007-02-27 00:00:00+00:00,39.45000076293945,39.59000015258789,38.0,38.150001525878906,20.60426902770996,6929700.0
2007-02-28 00:00:00+00:00,38.29999923706055,38.810001373291016,38.2599983215332,38.529998779296875,20.809497833251953,6458200.0
2007-03-01 00:00:00+00:00,38.220001220703125,38.86000061035156,37.869998931884766,38.650001525878906,20.874311447143555,5793000.0
2007-03-02 00:00:00+00:00,38.63999938964844,38.63999938964844,38.04999923706055,38.04999923706055,20.550254821777344,7719100.0
2007-03-05 00:00:00+00:00,37.90999984741211,38.209999084472656,37.470001220703125,37.56999969482422,20.291013717651367,2635500.0
2007-03-06 00:00:00+00:00,37.81999969482422,38.130001068115234,37.66999816894531,38.130001068115234,20.593467712402344,6222100.0
2007-03-07 00:00:00+00:00,38.099998474121094,38.31999969482422,37.970001220703125,38.04999923706055,20.550254821777344,2320800.0
2007-03-08 00:00:00+00:00,38.779998779296875,38.779998779296875,38.06999969482422,38.25,20.658279418945312,2502700.0
2007-03-09 00:00:00+00:00,38.27000045776367,38.38999938964844,38.029998779296875,38.20000076293945,20.631277084350586,3445000.0
2007-03-12 00:00:00+00:00,38.20000076293945,38.630001068115234,38.09000015258789,38.58000183105469,20.836498260498047,6427100.0
2007-03-13 00:00:00+00:00,38.56999969482422,38.7599983215332,38.0099983215332,38.060001373291016,20.5556640625,3887200.0
2007-03-14 00:00:00+00:00,38.15999984741211,38.38999938964844,37.75,38.25,20.658279418945312,7801600.0
2007-03-15 00:00:00+00:00,38.31999969482422,38.83000183105469,38.119998931884766,38.7400016784668,20.922922134399414,9121300.0
2007-03-16 00:00:00+00:00,38.52000045776367,38.689998626708984,38.27000045776367,38.400001525878906,20.851253509521484,2356500.0
2007-03-19 00:00:00+00:00,38.650001525878906,38.7599983215332,38.380001068115234,38.68000030517578,21.003292083740234,3144600.0
2007-03-20 00:00:00+00:00,38.599998474121094,39.2599983215332,38.529998779296875,39.2400016784668,21.307363510131836,3457100.0
2007-03-21 00:00:00+00:00,39.369998931884766,39.79999923706055,39.0,39.70000076293945,21.557147979736328,4189500.0
2007-03-22 00:00:00+00:00,39.790000915527344,39.84000015258789,39.45000076293945,39.65999984741211,21.535423278808594,4243800.0
2007-03-23 00:00:00+00:00,39.70000076293945,39.86000061035156,39.5,39.849998474121094,21.638595581054688,3563800.0
2007-03-26 00:00:00+00:00,39.939998626708984,40.08000183105469,39.619998931884766,40.02000045776367,21.73090362548828,3664800.0
2007-03-27 00:00:00+00:00,40.060001373291016,40.09000015258789,39.77000045776367,39.959999084472656,21.698328018188477,2827900.0
2007-03-28 00:00:00+00:00,39.790000915527344,40.27000045776367,39.790000915527344,39.880001068115234,21.654891967773438,2879200.0
2007-03-29 00:00:00+00:00,40.130001068115234,40.25,39.849998474121094,40.11000061035156,21.77977180480957,2193200.0
2007-03-30 00:00:00+00:00,40.25,40.290000915527344,39.36000061035156,39.70000076293945,21.557147979736328,7460300.0
2007-04-02 00:00:00+00:00,39.810001373291016,40.65999984741211,39.79999923706055,40.650001525878906,22.07299041748047,5148600.0
2007-04-03 00:00:00+00:00,40.70000076293945,40.900001525878906,40.5,40.70000076293945,22.10015106201172,4051700.0
2007-04-04 00:00:00+00:00,40.75,40.810001373291016,40.45000076293945,40.52000045776367,22.00240707397461,3331300.0
2007-04-05 00:00:00+00:00,40.630001068115234,40.7400016784668,40.439998626708984,40.70000076293945,22.10015106201172,2221600.0
2007-04-06 00:00:00+00:00,,,,,,
2007-04-09 00:00:00+00:00,40.95000076293945,41.0099983215332,40.779998779296875,41.0,22.263042449951172,3446800.0
2007-04-10 00:00:00+00:00,41.0,41.11000061035156,40.900001525878906,41.0099983215332,22.26848030090332,2709600.0
2007-04-11 00:00:00+00:00,41.04999923706055,41.18000030517578,40.849998474121094,40.90999984741211,22.21417999267578,4219000.0
2007-04-12 00:00:00+00:00,40.95000076293945,40.95000076293945,40.4900016784668,40.72999954223633,22.116437911987305,3043900.0
2007-04-13 00:00:00+00:00,40.72999954223633,40.790000915527344,40.529998779296875,40.720001220703125,22.111013412475586,2164400.0
2007-04-16 00:00:00+00:00,40.72999954223633,40.959999084472656,40.68000030517578,40.959999084472656,22.241321563720703,1572500.0
2007-04-17 00:00:00+00:00,41.0,41.290000915527344,40.849998474121094,41.150001525878906,22.34449005126953,2979300.0
2007-04-18 00:00:00+00:00,41.150001525878906,41.45000076293945,41.09000015258789,41.45000076293945,22.507394790649414,1484500.0
2007-04-19 00:00:00+00:00,41.279998779296875,41.36000061035156,41.060001373291016,41.25,22.398799896240234,4116500.0
2007-04-20 00:00:00+00:00,41.470001220703125,41.619998931884766,41.2599983215332,41.56999969482422,22.572559356689453,2663600.0
2007-04-23 00:00:00+00:00,41.52000045776367,41.970001220703125,41.52000045776367,41.880001068115234,22.740888595581055,4339600.0
2007-04-24 00:00:00+00:00,41.93000030517578,42.18000030517578,41.77000045776367,42.18000030517578,22.903785705566406,2677700.0
2007-04-25 00:00:00+00:00,42.209999084472656,42.459999084472656,42.20000076293945,42.29999923706055,22.968944549560547,2987600.0
2007-04-26 00:00:00+00:00,42.349998474121094,42.540000915527344,42.11000061035156,42.15999984741211,22.8929386138916,2482300.0
2007-04-27 00:00:00+00:00,42.04999923706055,42.04999923706055,41.75,41.810001373291016,22.7028751373291,4199200.0
2007-04-30 00:00:00+00:00,42.029998779296875,42.099998474121094,41.5,41.650001525878906,22.615995407104492,4730800.0
2007-05-01 00:00:00+00:00,41.63999938964844,42.029998779296875,41.45000076293945,41.9900016784668,22.800609588623047,3431000.0
2007-05-02 00:00:00+00:00,42.08000183105469,42.2599983215332,41.959999084472656,42.220001220703125,22.925512313842773,2755200.0
2007-05-03 00:00:00+00:00,42.36000061035156,42.36000061035156,41.97999954223633,42.16999816894531,22.898357391357422,1587800.0
2007-05-04 00:00:00+00:00,42.349998474121094,42.349998474121094,42.040000915527344,42.09000015258789,22.854915618896484,2749000.0
2007-05-07 00:00:00+00:00,42.20000076293945,42.59000015258789,42.15999984741211,42.59000015258789,23.126413345336914,2021700.0
2007-05-08 00:00:00+00:00,42.4900016784668,42.4900016784668,42.18000030517578,42.400001525878906,23.023242950439453,2867500.0
2007-05-09 00:00:00+00:00,42.310001373291016,42.47999954223633,42.220001220703125,42.43000030517578,23.03952980041504,2162600.0
2007-05-10 00:00:00+00:00,42.36000061035156,42.41999816894531,41.939998626708984,42.0,22.80604362487793,3885300.0
2007-05-11 00:00:00+00:00,42.060001373291016,42.310001373291016,42.0,42.20000076293945,22.914649963378906,3631500.0
2007-05-14 00:00:00+00:00,42.34000015258789,42.560001373291016,42.34000015258789,42.369998931884766,23.006956100463867,2340300.0
2007-05-15 00:00:00+00:00,42.58000183105469,43.02000045776367,42.529998779296875,42.599998474121094,23.131847381591797,5087200.0
2007-05-16 00:00:00+00:00,42.689998626708984,42.869998931884766,42.59000015258789,42.70000076293945,23.1861515045166,3842900.0
2007-05-17 00:00:00+00:00,42.709999084472656,42.75,42.4900016784668,42.599998474121094,23.131847381591797,2931400.0
2007-05-18 00:00:00+00:00,42.61000061035156,42.83000183105469,42.59000015258789,42.83000183105469,23.25673484802246,2328600.0
2007-05-21 00:00:00+00:00,42.81999969482422,42.88999938964844,42.709999084472656,42.77000045776367,23.224157333374023,3134500.0
2007-05-22 00:00:00+00:00,42.95000076293945,43.099998474121094,42.650001525878906,42.689998626708984,23.180709838867188,4562800.0
2007-05-23 00:00:00+00:00,42.869998931884766,42.869998931884766,42.02000045776367,42.02000045776367,22.816911697387695,7945600.0
2007-05-24 00:00:00+00:00,42.02000045776367,42.189998626708984,40.959999084472656,41.08000183105469,22.306486129760742,14907600.0
2007-05-25 00:00:00+00:00,41.119998931884766,41.349998474121094,40.59000015258789,41.099998474121094,22.317338943481445,12540700.0
2007-05-28 00:00:00+00:00,,,,,,
2007-05-29 00:00:00+00:00,40.869998931884766,41.52000045776367,40.869998931884766,41.220001220703125,22.382505416870117,10780900.0
2007-05-30 00:00:00+00:00,41.029998779296875,41.72999954223633,40.95000076293945,41.72999954223633,22.659439086914062,6606200.0
2007-05-31 00:00:00+00:00,41.7599983215332,41.95000076293945,41.599998474121094,41.84000015258789,22.71916961669922,6213900.0
2007-06-01 00:00:00+00:00,41.900001525878906,42.0099983215332,41.470001220703125,41.61000061035156,22.59427833557129,11632900.0
2007-06-04 00:00:00+00:00,41.43000030517578,41.58000183105469,41.11000061035156,41.45000076293945,22.507394790649414,10742400.0
2007-06-05 00:00:00+00:00,41.20000076293945,41.40999984741211,40.70000076293945,40.900001525878906,22.208749771118164,15758800.0
2007-06-06 00:00:00+00:00,40.619998931884766,40.70000076293945,40.119998931884766,40.25,21.85579490661621,15417800.0
2007-06-07 00:00:00+00:00,40.099998474121094,40.150001525878906,38.95000076293945,39.0,21.17704963684082,27352100.0
2007-06-08 00:00:00+00:00,39.06999969482422,39.560001373291016,38.849998474121094,39.279998779296875,21.32909393310547,19759100.0
2007-06-11 00:00:00+00:00,39.279998779296875,40.029998779296875,39.209999084472656,39.79999923706055,21.6114444732666,9530100.0
2007-06-12 00:00:00+00:00,39.5,39.77000045776367,39.150001525878906,39.150001525878906,21.25849723815918,11454700.0
2007-06-13 00:00:00+00:00,39.52000045776367,40.029998779296875,39.45000076293945,39.93000030517578,21.682039260864258,8157200.0
2007-06-14 00:00:00+00:00,39.93000030517578,40.40999984741211,39.93000030517578,40.18000030517578,21.817792892456055,7624600.0
2007-06-15 00:00:00+00:00,40.349998474121094,40.650001525878906,40.25,40.439998626708984,22.110849380493164,13328900.0
2007-06-18 00:00:00+00:00,40.5,40.54999923706055,40.0,40.0,21.870269775390625,8320300.0
2007-06-19 00:00:00+00:00,40.040000915527344,40.27000045776367,39.84000015258789,40.2599983215332,22.012428283691406,6450500.0
2007-06-20 00:00:00+00:00,40.2599983215332,40.40999984741211,39.06999969482422,39.209999084472656,21.438335418701172,9481400.0
2007-06-21 00:00:00+00:00,39.11000061035156,39.630001068115234,38.95000076293945,39.459999084472656,21.57502555847168,10081600.0
2007-06-22 00:00:00+00:00,39.220001220703125,39.439998626708984,38.68000030517578,38.709999084472656,21.164958953857422,8100100.0
2007-06-25 00:00:00+00:00,38.880001068115234,40.29999923706055,38.70000076293945,38.91999816894531,21.279769897460938,9384900.0
2007-06-26 00:00:00+00:00,39.060001373291016,39.9900016784668,38.689998626708984,38.709999084472656,21.164958953857422,12716400.0
2007-06-27 00:00:00+00:00,38.4900016784668,39.41999816894531,38.400001525878906,39.279998779296875,21.47661018371582,12411200.0
2007-06-28 00:00:00+00:00,39.40999984741211,39.900001525878906,39.25,39.27000045776367,21.471141815185547,9711300.0
2007-06-29 00:00:00+00:00,39.349998474121094,39.77000045776367,39.04999923706055,39.58000183105469,21.640634536743164,10840900.0
2007-07-02 00:00:00+00:00,39.880001068115234,43.150001525878906,39.61000061035156,40.150001525878906,21.952289581298828,4734500.0
2007-07-03 00:00:00+00:00,40.310001373291016,40.540000915527344,39.939998626708984,40.150001525878906,21.952289581298828,5404500.0
2007-07-04 00:00:00+00:00,,,,,,
2007-07-05 00:00:00+00:00,40.029998779296875,40.43000030517578,39.540000915527344,40.06999969482422,21.908546447753906,9681300.0
2007-07-06 00:00:00+00:00,40.04999923706055,40.08000183105469,39.470001220703125,39.86000061035156,21.793729782104492,6424800.0
2007-07-09 00:00:00+00:00,39.90999984741211,40.119998931884766,39.900001525878906,39.91999816894531,21.826528549194336,3565100.0
2007-07-10 00:00:00+00:00,39.83000183105469,39.97999954223633,39.369998931884766,39.54999923706055,21.624235153198242,6459000.0
2007-07-11 00:00:00+00:00,39.439998626708984,39.650001525878906,39.369998931884766,39.650001525878906,21.67891502380371,6584000.0
2007-07-12 00:00:00+00:00,39.72999954223633,40.29999923706055,39.72999954223633,40.150001525878906,21.952289581298828,7250700.0
2007-07-13 00:00:00+00:00,40.209999084472656,40.91999816894531,40.18000030517578,40.75,22.28034210205078,6749400.0
2007-07-16 00:00:00+00:00,40.720001220703125,40.810001373291016,40.150001525878906,40.15999984741211,21.9577579498291,8533700.0
2007-07-17 00:00:00+00:00,40.150001525878906,40.459999084472656,40.11000061035156,40.20000076293945,21.979623794555664,7391000.0
2007-07-18 00:00:00+00:00,40.0099983215332,40.540000915527344,39.9900016784668,40.5,22.143648147583008,8553900.0
2007-07-19 00:00:00+00:00,40.689998626708984,41.33000183105469,40.529998779296875,41.150001525878906,22.499032974243164,10251200.0
2007-07-20 00:00:00+00:00,41.119998931884766,41.75,40.470001220703125,40.70000076293945,22.25299835205078,7963500.0
2007-07-23 00:00:00+00:00,40.869998931884766,41.11000061035156,40.66999816894531,40.7400016784668,22.274873733520508,4779900.0
2007-07-24 00:00:00+00:00,40.810001373291016,40.83000183105469,39.34000015258789,39.52000045776367,21.607833862304688,10015300.0
2007-07-25 00:00:00+00:00,39.529998779296875,39.95000076293945,38.86000061035156,39.599998474121094,21.651565551757812,13027200.0
2007-07-26 00:00:00+00:00,39.11000061035156,39.290000915527344,37.90999984741211,38.70000076293945,21.159494400024414,18394600.0
2007-07-27 00:00:00+00:00,38.529998779296875,38.630001068115234,37.54999923706055,37.54999923706055,20.530715942382812,12646800.0
2007-07-30 00:00:00+00:00,37.70000076293945,38.220001220703125,37.369998931884766,38.06999969482422,20.815034866333008,11953200.0
2007-07-31 00:00:00+00:00,38.470001220703125,38.790000915527344,37.70000076293945,38.0,20.776762008666992,14124900.0
2007-08-01 00:00:00+00:00,37.88999938964844,39.099998474121094,37.88999938964844,38.86000061035156,21.246976852416992,16436600.0
2007-08-02 00:00:00+00:00,38.790000915527344,39.459999084472656,38.790000915527344,39.279998779296875,21.47661018371582,9305600.0
2007-08-03 00:00:00+00:00,39.16999816894531,39.52000045776367,37.72999954223633,37.95000076293945,20.749418258666992,14192300.0
2007-08-06 00:00:00+00:00,38.15999984741211,39.22999954223633,37.45000076293945,39.13999938964844,21.40006446838379,10956700.0
2007-08-07 00:00:00+00:00,39.040000915527344,40.29999923706055,38.779998779296875,39.849998474121094,21.788270950317383,7677200.0
2007-08-08 00:00:00+00:00,40.15999984741211,40.7599983215332,39.849998474121094,40.43000030517578,22.10538101196289,12464200.0
2007-08-09 00:00:00+00:00,39.91999816894531,40.38999938964844,39.349998474121094,39.70000076293945,21.70625114440918,12262800.0
2007-08-10 00:00:00+00:00,39.34000015258789,39.97999954223633,38.77000045776367,39.0099983215332,21.328981399536133,12530900.0
2007-08-13 00:00:00+00:00,39.33000183105469,39.70000076293945,39.150001525878906,39.209999084472656,21.438335418701172,7670600.0
2007-08-14 00:00:00+00:00,39.13999938964844,39.29999923706055,38.349998474121094,38.54999923706055,21.077472686767578,6789700.0
2007-08-15 00:00:00+00:00,38.459999084472656,39.09000015258789,37.83000183105469,38.029998779296875,20.793163299560547,8226300.0
2007-08-16 00:00:00+00:00,37.529998779296875,38.29999923706055,36.689998626708984,38.29999923706055,20.94078254699707,18047200.0
2007-08-17 00:00:00+00:00,38.95000076293945,39.630001068115234,37.72999954223633,38.630001068115234,21.121217727661133,18994700.0
2007-08-20 00:00:00+00:00,38.88999938964844,39.02000045776367,38.209999084472656,38.84000015258789,21.236040115356445,7176500.0
2007-08-21 00:00:00+00:00,38.630001068115234,39.2400016784668,38.560001373291016,38.79999923706055,21.21416664123535,6941600.0
2007-08-22 00:00:00+00:00,39.34000015258789,39.41999816894531,38.91999816894531,39.25,21.46019744873047,5818600.0
2007-08-23 00:00:00+00:00,39.459999084472656,39.77000045776367,39.20000076293945,39.369998931884766,21.525821685791016,13170100.0
2007-08-24 00:00:00+00:00,39.630001068115234,39.790000915527344,39.18000030517578,39.61000061035156,21.657041549682617,6020000.0
2007-08-27 00:00:00+00:00,39.720001220703125,39.720001220703125,38.41999816894531,38.599998474121094,21.104812622070312,27206100.0
2007-08-28 00:00:00+00:00,38.349998474121094,38.61000061035156,37.97999954223633,38.0,20.776762008666992,11494100.0
2007-08-29 00:00:00+00:00,38.13999938964844,39.099998474121094,38.13999938964844,38.75,21.186832427978516,5383100.0
2007-08-30 00:00:00+00:00,38.5099983215332,38.9900016784668,38.349998474121094,38.68000030517578,21.148555755615234,5028000.0
2007-08-31 00:00:00+00:00,38.779998779296875,39.06999969482422,38.45000076293945,38.599998474121094,21.104812622070312,5536900.0
2007-09-03 00:00:00+00:00,,,,,,
2007-09-04 00:00:00+00:00,38.77000045776367,39.66999816894531,38.70000076293945,39.349998474121094,21.514875411987305,4629000.0
2007-09-05 00:00:00+00:00,39.220001220703125,39.27000045776367,38.81999969482422,39.25,21.46019744873047,6627800.0
2007-09-06 00:00:00+00:00,39.08000183105469,39.599998474121094,39.0099983215332,39.29999923706055,21.4875431060791,4777000.0
2007-09-07 00:00:00+00:00,39.20000076293945,39.369998931884766,38.779998779296875,39.0099983215332,21.328981399536133,5545400.0
2007-09-10 00:00:00+00:00,39.130001068115234,39.25,38.720001220703125,39.040000915527344,21.34539222717285,4745800.0
2007-09-11 00:00:00+00:00,39.150001525878906,39.4900016784668,39.0099983215332,39.29999923706055,21.4875431060791,5290200.0
2007-09-12 00:00:00+00:00,39.40999984741211,39.790000915527344,39.310001373291016,39.630001068115234,21.66796875,3396300.0
2007-09-13 00:00:00+00:00,39.849998474121094,39.95000076293945,39.630001068115234,39.709999084472656,21.711715698242188,4318000.0
2007-09-14 00:00:00+00:00,39.61000061035156,39.97999954223633,39.560001373291016,39.70000076293945,21.70625114440918,3889800.0
2007-09-17 00:00:00+00:00,39.880001068115234,39.880001068115234,39.470001220703125,39.72999954223633,21.722646713256836,2616200.0
2007-09-18 00:00:00+00:00,39.54999923706055,40.650001525878906,39.25,40.650001525878906,22.225656509399414,5315000.0
2007-09-19 00:00:00+00:00,40.560001373291016,41.150001525878906,40.5099983215332,41.099998474121094,22.471698760986328,7010000.0
2007-09-20 00:00:00+00:00,41.04999923706055,41.06999969482422,40.540000915527344,40.540000915527344,22.165523529052734,3709000.0
2007-09-21 00:00:00+00:00,40.5,40.790000915527344,40.31999969482422,40.31999969482422,22.20075798034668,4084600.0
2007-09-24 00:00:00+00:00,40.41999816894531,40.81999969482422,40.40999984741211,40.470001220703125,22.283355712890625,4041200.0
2007-09-25 00:00:00+00:00,40.380001068115234,40.79999923706055,40.31999969482422,40.52000045776367,22.310884475708008,4101000.0
2007-09-26 00:00:00+00:00,40.689998626708984,40.959999084472656,40.56999969482422,40.720001220703125,22.421010971069336,4882200.0
2007-09-27 00:00:00+00:00,40.7400016784668,40.86000061035156,40.33000183105469,40.43000030517578,22.26133155822754,5472600.0
2007-09-28 00:00:00+00:00,40.459999084472656,40.54999923706055,39.79999923706055,39.79999923706055,21.914443969726562,3540100.0
2007-10-01 00:00:00+00:00,40.09000015258789,40.529998779296875,39.90999984741211,40.34000015258789,22.211772918701172,5701200.0
2007-10-02 00:00:00+00:00,40.20000076293945,40.599998474121094,40.20000076293945,40.4900016784668,22.29436683654785,2499500.0
2007-10-03 00:00:00+00:00,40.279998779296875,40.4900016784668,40.25,40.36000061035156,22.222789764404297,5379700.0
2007-10-04 00:00:00+00:00,40.36000061035156,40.790000915527344,40.36000061035156,40.58000183105469,22.34391975402832,3666100.0
2007-10-05 00:00:00+00:00,40.58000183105469,41.15999984741211,40.58000183105469,40.900001525878906,22.52011489868164,4985300.0
2007-10-08 00:00:00+00:00,41.060001373291016,41.16999816894531,40.75,40.84000015258789,22.487079620361328,2917600.0
2007-10-09 00:00:00+00:00,40.97999954223633,41.4900016784668,40.869998931884766,41.290000915527344,22.7348575592041,4087800.0
2007-10-10 00:00:00+00:00,41.290000915527344,41.36000061035156,40.97999954223633,40.97999954223633,22.56416893005371,2916000.0
2007-10-11 00:00:00+00:00,41.36000061035156,41.630001068115234,41.04999923706055,41.400001525878906,22.79542350769043,5516400.0
2007-10-12 00:00:00+00:00,41.45000076293945,41.66999816894531,41.290000915527344,41.290000915527344,22.7348575592041,3882600.0
2007-10-15 00:00:00+00:00,41.310001373291016,41.5099983215332,40.689998626708984,40.9900016784668,22.56966781616211,5312400.0
2007-10-16 00:00:00+00:00,40.939998626708984,41.15999984741211,40.75,40.88999938964844,22.51461410522461,4537200.0
2007-10-17 00:00:00+00:00,41.09000015258789,41.2599983215332,40.5,41.0,22.575180053710938,5077500.0
2007-10-18 00:00:00+00:00,40.630001068115234,40.95000076293945,40.619998931884766,40.63999938964844,22.376964569091797,2937300.0
2007-10-19 00:00:00+00:00,40.560001373291016,40.63999938964844,39.619998931884766,39.7400016784668,21.881406784057617,6483000.0
2007-10-22 00:00:00+00:00,39.54999923706055,40.150001525878906,39.33000183105469,40.02000045776367,22.03557777404785,4411400.0
2007-10-23 00:00:00+00:00,40.16999816894531,40.369998931884766,39.81999969482422,40.040000915527344,22.046602249145508,3605800.0
2007-10-24 00:00:00+00:00,39.880001068115234,40.2599983215332,39.63999938964844,40.0,22.024560928344727,5064700.0
2007-10-25 00:00:00+00:00,40.22999954223633,41.08000183105469,40.15999984741211,40.97999954223633,22.56416893005371,5408100.0
2007-10-26 00:00:00+00:00,40.040000915527344,41.65999984741211,40.040000915527344,41.540000915527344,22.872512817382812,4930300.0
2007-10-29 00:00:00+00:00,41.790000915527344,42.09000015258789,41.709999084472656,41.90999984741211,23.076234817504883,2730700.0
2007-10-30 00:00:00+00:00,42.11000061035156,42.25,41.689998626708984,41.959999084472656,23.103782653808594,3507100.0
2007-10-31 00:00:00+00:00,42.5,42.65999984741211,42.0,42.45000076293945,23.373563766479492,5754800.0
2007-11-01 00:00:00+00:00,41.90999984741211,42.52000045776367,41.58000183105469,41.58000183105469,22.894542694091797,6498400.0
2007-11-02 00:00:00+00:00,42.220001220703125,42.220001220703125,41.52000045776367,41.91999816894531,23.081737518310547,6411400.0
2007-11-05 00:00:00+00:00,41.810001373291016,42.619998931884766,41.720001220703125,42.380001068115234,23.335025787353516,10061700.0
2007-11-06 00:00:00+00:00,42.900001525878906,42.900001525878906,41.84000015258789,42.41999816894531,23.357051849365234,4929900.0
2007-11-07 00:00:00+00:00,41.869998931884766,42.279998779296875,41.41999816894531,41.45000076293945,22.82295799255371,10560000.0
2007-11-08 00:00:00+00:00,41.459999084472656,42.34000015258789,41.189998626708984,42.2599983215332,23.26896095275879,8470500.0
2007-11-09 00:00:00+00:00,42.09000015258789,42.40999984741211,41.77000045776367,41.93000030517578,23.08725929260254,5784600.0
2007-11-12 00:00:00+00:00,42.2599983215332,42.29999923706055,41.20000076293945,41.20000076293945,22.685304641723633,8278600.0
2007-11-13 00:00:00+00:00,41.77000045776367,41.77000045776367,40.869998931884766,41.54999923706055,22.878021240234375,5823900.0
2007-11-14 00:00:00+00:00,41.619998931884766,41.880001068115234,41.29999923706055,41.29999923706055,22.7403621673584,3935600.0
2007-11-15 00:00:00+00:00,40.91999816894531,41.88999938964844,40.91999816894531,41.66999816894531,22.944089889526367,5920900.0
2007-11-16 00:00:00+00:00,42.0,42.0099983215332,41.209999084472656,41.68000030517578,22.949600219726562,4402700.0
2007-11-19 00:00:00+00:00,41.68000030517578,41.9900016784668,41.529998779296875,41.79999923706055,23.015670776367188,3659300.0
2007-11-20 00:00:00+00:00,42.0,42.56999969482422,41.95000076293945,42.310001373291016,23.29648780822754,7743400.0
2007-11-21 00:00:00+00:00,42.34000015258789,42.529998779296875,41.939998626708984,41.959999084472656,23.103782653808594,5625900.0
2007-11-22 00:00:00+00:00,,,,,,
2007-11-23 00:00:00+00:00,42.0099983215332,42.4900016784668,41.630001068115234,41.91999816894531,23.081737518310547,1164400.0
2007-11-26 00:00:00+00:00,41.77000045776367,42.650001525878906,41.75,41.849998474121094,23.043195724487305,5542700.0
2007-11-27 00:00:00+00:00,42.400001525878906,42.400001525878906,41.66999816894531,42.0099983215332,23.131296157836914,6250000.0
2007-11-28 00:00:00+00:00,42.209999084472656,42.7400016784668,42.02000045776367,42.7400016784668,23.533245086669922,4882000.0
2007-11-29 00:00:00+00:00,42.540000915527344,42.75,42.29999923706055,42.45000076293945,23.373563766479492,3672000.0
2007-11-30 00:00:00+00:00,42.630001068115234,42.880001068115234,42.59000015258789,42.72999954223633,23.527746200561523,7937600.0
2007-12-03 00:00:00+00:00,43.439998626708984,43.65999984741211,42.72999954223633,43.150001525878906,23.758996963500977,3549800.0
2007-12-04 00:00:00+00:00,43.2400016784668,43.77000045776367,42.81999969482422,43.459999084472656,23.9296932220459,7669100.0
2007-12-05 00:00:00+00:00,43.900001525878906,44.2400016784668,43.599998474121094,44.209999084472656,24.3426570892334,6798800.0
2007-12-06 00:00:00+00:00,44.400001525878906,44.459999084472656,43.77000045776367,43.95000076293945,24.19948959350586,4106400.0
2007-12-07 00:00:00+00:00,44.36000061035156,44.470001220703125,43.900001525878906,44.18000030517578,24.326143264770508,6117300.0
2007-12-10 00:00:00+00:00,44.400001525878906,44.4900016784668,44.20000076293945,44.380001068115234,24.43624496459961,3020600.0
2007-12-11 00:00:00+00:00,44.65999984741211,44.65999984741211,43.34000015258789,43.349998474121094,23.86911964416504,6489500.0
2007-12-12 00:00:00+00:00,43.59000015258789,44.2400016784668,43.04999923706055,43.36000061035156,23.8746337890625,7704600.0
2007-12-13 00:00:00+00:00,43.0099983215332,44.0,43.0099983215332,44.0,24.227018356323242,4822000.0
2007-12-14 00:00:00+00:00,43.869998931884766,43.91999816894531,43.18000030517578,43.18000030517578,23.7755184173584,4896600.0
2007-12-17 00:00:00+00:00,43.02000045776367,43.27000045776367,42.61000061035156,42.779998779296875,23.55526351928711,4170000.0
2007-12-18 00:00:00+00:00,43.16999816894531,43.470001220703125,42.900001525878906,43.15999984741211,23.76450538635254,4001600.0
2007-12-19 00:00:00+00:00,43.20000076293945,43.630001068115234,43.0,43.04999923706055,23.70394515991211,3438400.0
2007-12-20 00:00:00+00:00,43.060001373291016,43.5,42.84000015258789,43.2400016784668,23.80855941772461,4283000.0
2007-12-21 00:00:00+00:00,43.36000061035156,43.400001525878906,42.9900016784668,43.0,23.856815338134766,4978800.0
2007-12-24 00:00:00+00:00,43.18000030517578,43.209999084472656,42.9900016784668,43.209999084472656,23.973339080810547,2215900.0
2007-12-25 00:00:00+00:00,,,,,,
2007-12-26 00:00:00+00:00,43.310001373291016,43.310001373291016,42.900001525878906,42.9900016784668,23.85127830505371,1941100.0
2007-12-27 00:00:00+00:00,43.150001525878906,43.20000076293945,42.56999969482422,42.61000061035156,23.64044761657715,2955800.0
2007-12-28 00:00:00+00:00,43.11000061035156,43.11000061035156,42.650001525878906,42.91999816894531,23.81244659423828,1563000.0
2007-12-31 00:00:00+00:00,42.9900016784668,42.9900016784668,42.310001373291016,42.33000183105469,23.48509979248047,1908100.0
2008-01-01 00:00:00+00:00,,,,,,
2008-01-02 00:00:00+00:00,42.150001525878906,42.7400016784668,41.900001525878906,42.09000015258789,23.351945877075195,4998900.0
2008-01-03 00:00:00+00:00,41.970001220703125,42.58000183105469,41.970001220703125,42.029998779296875,23.318660736083984,5143600.0
2008-01-04 00:00:00+00:00,42.099998474121094,42.619998931884766,41.86000061035156,42.349998474121094,23.496192932128906,7023300.0
2008-01-07 00:00:00+00:00,42.599998474121094,43.349998474121094,42.400001525878906,43.22999954223633,23.984432220458984,9154500.0
2008-01-08 00:00:00+00:00,43.279998779296875,44.11000061035156,43.2400016784668,43.2400016784668,23.9899845123291,9603900.0
2008-01-09 00:00:00+00:00,43.58000183105469,43.849998474121094,43.189998626708984,43.709999084472656,24.25074005126953,9080000.0
2008-01-10 00:00:00+00:00,43.63999938964844,43.9900016784668,43.220001220703125,43.439998626708984,24.100927352905273,8489800.0
2008-01-11 00:00:00+00:00,43.060001373291016,43.709999084472656,43.060001373291016,43.43000030517578,24.09539031982422,5366200.0
2008-01-14 00:00:00+00:00,43.81999969482422,43.869998931884766,43.27000045776367,43.4900016784668,24.128681182861328,4853000.0
2008-01-15 00:00:00+00:00,43.209999084472656,43.689998626708984,42.90999984741211,43.029998779296875,23.873462677001953,8743400.0
2008-01-16 00:00:00+00:00,42.779998779296875,43.279998779296875,42.20000076293945,42.2599983215332,23.446273803710938,9678700.0
2008-01-17 00:00:00+00:00,42.08000183105469,42.29999923706055,40.560001373291016,40.630001068115234,22.54192352294922,14361200.0
2008-01-18 00:00:00+00:00,40.529998779296875,41.0,39.65999984741211,40.029998779296875,22.209033966064453,10885100.0
2008-01-21 00:00:00+00:00,,,,,,
2008-01-22 00:00:00+00:00,36.939998626708984,39.29999923706055,36.04999923706055,38.650001525878906,21.443395614624023,13937700.0
2008-01-23 00:00:00+00:00,37.27000045776367,40.04999923706055,37.27000045776367,39.68000030517578,22.014854431152344,14849400.0
2008-01-24 00:00:00+00:00,40.209999084472656,40.209999084472656,38.599998474121094,38.599998474121094,21.415666580200195,13442200.0
2008-01-25 00:00:00+00:00,38.9900016784668,39.279998779296875,37.86000061035156,38.18000030517578,21.182647705078125,12528300.0
2008-01-28 00:00:00+00:00,38.20000076293945,38.84000015258789,38.16999816894531,38.779998779296875,21.51552963256836,5730000.0
2008-01-29 00:00:00+00:00,38.9900016784668,39.2599983215332,38.720001220703125,38.90999984741211,21.587656021118164,6067600.0
2008-01-30 00:00:00+00:00,38.779998779296875,39.58000183105469,38.5,38.709999084472656,21.4766902923584,6502500.0
2008-01-31 00:00:00+00:00,38.810001373291016,39.95000076293945,38.279998779296875,39.220001220703125,21.759639739990234,4439700.0
2008-02-01 00:00:00+00:00,39.4900016784668,40.29999923706055,39.459999084472656,40.2400016784668,22.325550079345703,4434800.0
2008-02-04 00:00:00+00:00,40.279998779296875,41.209999084472656,40.279998779296875,40.81999969482422,22.6473388671875,4683900.0
2008-02-05 00:00:00+00:00,40.5,40.63999938964844,39.459999084472656,39.59000015258789,21.964920043945312,6278200.0
2008-02-06 00:00:00+00:00,39.630001068115234,40.11000061035156,39.33000183105469,39.52000045776367,21.926084518432617,4242000.0
2008-02-07 00:00:00+00:00,39.25,39.45000076293945,38.90999984741211,39.310001373291016,21.8095760345459,7166000.0
2008-02-08 00:00:00+00:00,39.0,39.31999969482422,38.849998474121094,39.0,21.637590408325195,4974400.0
2008-02-11 00:00:00+00:00,39.0,39.45000076293945,38.91999816894531,39.31999969482422,21.81512451171875,3369600.0
2008-02-12 00:00:00+00:00,39.34000015258789,40.20000076293945,39.34000015258789,39.9900016784668,22.186843872070312,4194100.0
2008-02-13 00:00:00+00:00,40.04999923706055,40.27000045776367,39.650001525878906,39.79999923706055,22.081438064575195,5625300.0
2008-02-14 00:00:00+00:00,39.970001220703125,40.349998474121094,39.279998779296875,39.29999923706055,21.804025650024414,5084900.0
2008-02-15 00:00:00+00:00,39.279998779296875,39.849998474121094,38.84000015258789,39.849998474121094,22.10917854309082,3824300.0
2008-02-18 00:00:00+00:00,,,,,,
2008-02-19 00:00:00+00:00,40.2599983215332,40.2599983215332,39.369998931884766,39.529998779296875,21.931636810302734,3997500.0
2008-02-20 00:00:00+00:00,39.0099983215332,39.61000061035156,39.0099983215332,39.61000061035156,21.97602081298828,4712900.0
2008-02-21 00:00:00+00:00,39.61000061035156,39.68000030517578,38.7400016784668,38.7400016784668,21.493337631225586,5051400.0
2008-02-22 00:00:00+00:00,39.02000045776367,39.41999816894531,38.63999938964844,39.41999816894531,21.87059783935547,5607200.0
2008-02-25 00:00:00+00:00,39.61000061035156,39.619998931884766,39.119998931884766,39.459999084472656,21.892793655395508,6071200.0
2008-02-26 00:00:00+00:00,39.08000183105469,40.0,39.06999969482422,39.970001220703125,22.175750732421875,4359500.0
2008-02-27 00:00:00+00:00,39.79999923706055,39.79999923706055,39.0099983215332,39.0099983215332,21.64312744140625,7140500.0
2008-02-28 00:00:00+00:00,38.880001068115234,39.029998779296875,38.54999923706055,38.75,21.49888801574707,6369100.0
2008-02-29 00:00:00+00:00,38.650001525878906,38.7400016784668,37.5,37.61000061035156,20.86640167236328,10232200.0
2008-03-03 00:00:00+00:00,37.599998474121094,38.20000076293945,37.5,38.18000030517578,21.182647705078125,6409600.0
2008-03-04 00:00:00+00:00,37.810001373291016,38.900001525878906,37.720001220703125,38.84000015258789,21.548824310302734,7960300.0
2008-03-05 00:00:00+00:00,38.880001068115234,38.90999984741211,38.20000076293945,38.72999954223633,21.48778533935547,6227300.0
2008-03-06 00:00:00+00:00,38.5,38.7400016784668,37.91999816894531,37.939998626708984,21.049488067626953,7308200.0
2008-03-07 00:00:00+00:00,37.54999923706055,37.90999984741211,37.349998474121094,37.70000076293945,20.916339874267578,11485700.0
2008-03-10 00:00:00+00:00,37.63999938964844,37.91999816894531,37.29999923706055,37.650001525878906,20.88858985900879,7211100.0
2008-03-11 00:00:00+00:00,38.58000183105469,38.75,37.79999923706055,38.29999923706055,21.249217987060547,8212000.0
2008-03-12 00:00:00+00:00,38.209999084472656,39.060001373291016,38.150001525878906,38.29999923706055,21.249217987060547,4832000.0
2008-03-13 00:00:00+00:00,37.52000045776367,38.400001525878906,37.52000045776367,38.18000030517578,21.182647705078125,7758600.0
2008-03-14 00:00:00+00:00,38.5,38.52000045776367,37.369998931884766,37.900001525878906,21.02729606628418,7478800.0
2008-03-17 00:00:00+00:00,37.0099983215332,38.18000030517578,37.0099983215332,37.91999816894531,21.03839111328125,5438500.0
2008-03-18 00:00:00+00:00,38.060001373291016,38.650001525878906,37.88999938964844,38.59000015258789,21.41010856628418,4479500.0
2008-03-19 00:00:00+00:00,38.599998474121094,39.4900016784668,37.63999938964844,37.83000183105469,20.98845863342285,5970700.0
2008-03-20 00:00:00+00:00,38.209999084472656,38.209999084472656,36.099998474121094,37.45000076293945,20.927555084228516,7491800.0
2008-03-21 00:00:00+00:00,,,,,,
2008-03-24 00:00:00+00:00,37.70000076293945,37.9900016784668,37.310001373291016,37.56999969482422,20.994606018066406,5948100.0
2008-03-25 00:00:00+00:00,37.720001220703125,37.95000076293945,37.459999084472656,37.459999084472656,20.93313217163086,4259500.0
2008-03-26 00:00:00+00:00,37.41999816894531,38.040000915527344,37.41999816894531,37.599998474121094,21.011369705200195,5466700.0
2008-03-27 00:00:00+00:00,37.630001068115234,38.45000076293945,37.630001068115234,37.97999954223633,21.22371482849121,7344500.0
2008-03-28 00:00:00+00:00,38.0,38.40999984741211,37.59000015258789,37.630001068115234,21.028133392333984,5330100.0
2008-03-31 00:00:00+00:00,37.75,38.189998626708984,37.560001373291016,37.939998626708984,21.201364517211914,3945400.0
2008-04-01 00:00:00+00:00,38.25,39.099998474121094,38.20000076293945,38.91999816894531,21.74899673461914,8953300.0
2008-04-02 00:00:00+00:00,38.959999084472656,39.56999969482422,38.959999084472656,39.41999816894531,22.028404235839844,2974700.0
2008-04-03 00:00:00+00:00,39.380001068115234,39.41999816894531,38.790000915527344,39.209999084472656,21.91105079650879,4751000.0
2008-04-04 00:00:00+00:00,39.08000183105469,40.0,39.040000915527344,39.16999816894531,21.888710021972656,7871800.0
2008-04-07 00:00:00+00:00,39.27000045776367,39.56999969482422,39.04999923706055,39.34000015258789,21.98371124267578,3741900.0
2008-04-08 00:00:00+00:00,39.16999816894531,39.70000076293945,39.16999816894531,39.599998474121094,22.128995895385742,4078400.0
2008-04-09 00:00:00+00:00,39.58000183105469,39.790000915527344,39.31999969482422,39.5,22.073110580444336,4874800.0
2008-04-10 00:00:00+00:00,39.560001373291016,39.56999969482422,39.119998931884766,39.220001220703125,21.916648864746094,4036500.0
2008-04-11 00:00:00+00:00,39.189998626708984,39.47999954223633,39.130001068115234,39.27000045776367,21.944578170776367,7199700.0
2008-04-14 00:00:00+00:00,39.27000045776367,39.43000030517578,39.08000183105469,39.209999084472656,21.91105079650879,2330400.0
2008-04-15 00:00:00+00:00,39.470001220703125,39.70000076293945,39.34000015258789,39.63999938964844,22.151351928710938,4202100.0
2008-04-16 00:00:00+00:00,39.54999923706055,40.599998474121094,39.54999923706055,40.470001220703125,22.61515998840332,4655900.0
2008-04-17 00:00:00+00:00,40.63999938964844,40.86000061035156,40.34000015258789,40.54999923706055,22.659862518310547,3601700.0
2008-04-18 00:00:00+00:00,40.880001068115234,41.0,40.38999938964844,40.68000030517578,22.732513427734375,3502000.0
2008-04-21 00:00:00+00:00,40.45000076293945,40.689998626708984,40.04999923706055,40.310001373291016,22.5257511138916,3507100.0
2008-04-22 00:00:00+00:00,40.15999984741211,40.2599983215332,39.939998626708984,40.189998626708984,22.45869255065918,3943000.0
2008-04-23 00:00:00+00:00,40.33000183105469,40.5,40.06999969482422,40.25,22.49222183227539,2753100.0
2008-04-24 00:00:00+00:00,40.65999984741211,40.65999984741211,39.959999084472656,40.209999084472656,22.469863891601562,5093400.0
2008-04-25 00:00:00+00:00,40.25,40.4900016784668,40.150001525878906,40.34000015258789,22.542512893676758,3991900.0
2008-04-28 00:00:00+00:00,40.34000015258789,40.5,39.650001525878906,39.95000076293945,22.324581146240234,6284300.0
2008-04-29 00:00:00+00:00,40.0099983215332,40.29999923706055,39.93000030517578,40.13999938964844,22.43074607849121,4208500.0
2008-04-30 00:00:00+00:00,40.11000061035156,40.54999923706055,39.880001068115234,39.880001068115234,22.285465240478516,3822300.0
2008-05-01 00:00:00+00:00,40.099998474121094,40.599998474121094,40.029998779296875,40.349998474121094,22.548105239868164,8876500.0
2008-05-02 00:00:00+00:00,40.70000076293945,41.16999816894531,40.599998474121094,41.02000045776367,22.922513961791992,4097500.0
2008-05-05 00:00:00+00:00,40.709999084472656,40.81999969482422,40.220001220703125,40.43000030517578,22.592815399169922,3719200.0
2008-05-06 00:00:00+00:00,40.029998779296875,40.4900016784668,39.83000183105469,40.41999816894531,22.587221145629883,2747700.0
2008-05-07 00:00:00+00:00,40.20000076293945,40.459999084472656,39.77000045776367,39.810001373291016,22.246341705322266,3332000.0
2008-05-08 00:00:00+00:00,39.77000045776367,40.13999938964844,39.630001068115234,39.90999984741211,22.302223205566406,3682800.0
2008-05-09 00:00:00+00:00,39.81999969482422,40.2599983215332,39.560001373291016,40.040000915527344,22.374874114990234,3036200.0
2008-05-12 00:00:00+00:00,40.119998931884766,40.5099983215332,40.0099983215332,40.43000030517578,22.592815399169922,2575000.0
2008-05-13 00:00:00+00:00,40.63999938964844,40.65999984741211,40.099998474121094,40.369998931884766,22.55927276611328,2980300.0
2008-05-14 00:00:00+00:00,40.65999984741211,40.79999923706055,40.29999923706055,40.52000045776367,22.643098831176758,3849600.0
2008-05-15 00:00:00+00:00,40.52000045776367,40.709999084472656,40.31999969482422,40.47999954223633,22.620744705200195,3663100.0
2008-05-16 00:00:00+00:00,40.529998779296875,40.91999816894531,40.47999954223633,40.779998779296875,22.788394927978516,2973000.0
2008-05-19 00:00:00+00:00,40.7400016784668,41.43000030517578,40.7400016784668,41.2400016784668,23.045448303222656,2379900.0
2008-05-20 00:00:00+00:00,41.20000076293945,41.7599983215332,41.20000076293945,41.52000045776367,23.201913833618164,4699100.0
2008-05-21 00:00:00+00:00,41.349998474121094,41.97999954223633,41.25,41.310001373291016,23.084569931030273,4104800.0
2008-05-22 00:00:00+00:00,41.54999923706055,41.810001373291016,41.16999816894531,41.54999923706055,23.218679428100586,3068600.0
2008-05-23 00:00:00+00:00,41.5099983215332,41.529998779296875,40.79999923706055,40.90999984741211,22.861042022705078,1783300.0
2008-05-26 00:00:00+00:00,,,,,,
2008-05-27 00:00:00+00:00,40.45000076293945,41.20000076293945,40.45000076293945,41.119998931884766,22.9783878326416,2517700.0
2008-05-28 00:00:00+00:00,41.310001373291016,41.310001373291016,40.88999938964844,41.150001525878906,22.99515151977539,2702600.0
2008-05-29 00:00:00+00:00,41.209999084472656,41.619998931884766,41.060001373291016,41.59000015258789,23.24104118347168,2879600.0
2008-05-30 00:00:00+00:00,41.72999954223633,41.7400016784668,41.189998626708984,41.310001373291016,23.084569931030273,3463000.0
2008-06-02 00:00:00+00:00,41.349998474121094,41.470001220703125,40.7599983215332,41.0099983215332,22.916921615600586,5492300.0
2008-06-03 00:00:00+00:00,41.119998931884766,41.29999923706055,40.56999969482422,40.650001525878906,22.71574592590332,4517100.0
2008-06-04 00:00:00+00:00,40.720001220703125,41.279998779296875,40.61000061035156,41.13999938964844,22.989564895629883,4386700.0
2008-06-05 00:00:00+00:00,41.29999923706055,41.689998626708984,40.93000030517578,41.630001068115234,23.26338768005371,2801200.0
2008-06-06 00:00:00+00:00,41.47999954223633,41.619998931884766,40.540000915527344,40.540000915527344,22.65427589416504,4642000.0
2008-06-09 00:00:00+00:00,40.63999938964844,41.380001068115234,40.54999923706055,41.16999816894531,23.006328582763672,3895100.0
2008-06-10 00:00:00+00:00,41.459999084472656,41.459999084472656,40.7400016784668,41.130001068115234,22.983978271484375,3824000.0
2008-06-11 00:00:00+00:00,41.209999084472656,41.38999938964844,40.83000183105469,41.09000015258789,22.961624145507812,4694300.0
2008-06-12 00:00:00+00:00,41.13999938964844,41.13999938964844,40.75,40.91999816894531,22.86663818359375,3869400.0
2008-06-13 00:00:00+00:00,40.91999816894531,41.54999923706055,40.849998474121094,41.290000915527344,23.073387145996094,9768600.0
2008-06-16 00:00:00+00:00,41.279998779296875,41.540000915527344,40.84000015258789,41.33000183105469,23.095733642578125,3087200.0
2008-06-17 00:00:00+00:00,41.52000045776367,41.77000045776367,41.439998626708984,41.560001373291016,23.224267959594727,4147100.0
2008-06-18 00:00:00+00:00,41.310001373291016,41.7400016784668,41.209999084472656,41.400001525878906,23.13485336303711,3912200.0
2008-06-19 00:00:00+00:00,41.290000915527344,41.779998779296875,41.290000915527344,41.45000076293945,23.16279411315918,4454800.0
2008-06-20 00:00:00+00:00,41.189998626708984,41.43000030517578,40.66999816894531,40.66999816894531,22.8953914642334,7005700.0
2008-06-23 00:00:00+00:00,40.90999984741211,41.5,40.90999984741211,41.15999984741211,23.17123794555664,4405300.0
2008-06-24 00:00:00+00:00,40.90999984741211,41.20000076293945,40.81999969482422,40.81999969482422,22.979841232299805,4614200.0
2008-06-25 00:00:00+00:00,40.939998626708984,41.40999984741211,40.939998626708984,41.29999923706055,23.250051498413086,5109500.0
2008-06-26 00:00:00+00:00,40.83000183105469,41.38999938964844,40.06999969482422,40.06999969482422,22.557619094848633,5622400.0
2008-06-27 00:00:00+00:00,40.06999969482422,40.40999984741211,39.709999084472656,39.72999954223633,22.3662109375,6410300.0
2008-06-30 00:00:00+00:00,39.83000183105469,40.9900016784668,39.79999923706055,40.70000076293945,22.912288665771484,7282900.0
2008-07-01 00:00:00+00:00,40.310001373291016,41.15999984741211,40.189998626708984,40.90999984741211,23.03050422668457,11974500.0
2008-07-02 00:00:00+00:00,41.09000015258789,41.439998626708984,40.709999084472656,40.79999923706055,22.96857452392578,4326800.0
2008-07-03 00:00:00+00:00,41.099998474121094,41.20000076293945,40.380001068115234,40.380001068115234,22.732139587402344,5440600.0
2008-07-04 00:00:00+00:00,,,,,,
2008-07-07 00:00:00+00:00,40.38999938964844,40.88999938964844,39.75,39.97999954223633,22.506956100463867,6528300.0
2008-07-08 00:00:00+00:00,39.970001220703125,40.56999969482422,39.79999923706055,40.189998626708984,22.62517738342285,9724400.0
2008-07-09 00:00:00+00:00,40.279998779296875,40.900001525878906,40.22999954223633,40.66999816894531,22.8953914642334,4823400.0
2008-07-10 00:00:00+00:00,40.7599983215332,40.90999984741211,40.58000183105469,40.77000045776367,22.95168685913086,5612900.0
2008-07-11 00:00:00+00:00,40.5099983215332,41.029998779296875,40.099998474121094,40.459999084472656,22.77717399597168,9236100.0
2008-07-14 00:00:00+00:00,40.959999084472656,40.959999084472656,39.90999984741211,40.18000030517578,22.61955451965332,6649500.0
2008-07-15 00:00:00+00:00,39.91999816894531,40.06999969482422,39.41999816894531,39.900001525878906,22.461915969848633,7711700.0
2008-07-16 00:00:00+00:00,39.93000030517578,39.93000030517578,38.81999969482422,39.11000061035156,22.017179489135742,7050100.0
2008-07-17 00:00:00+00:00,39.040000915527344,39.11000061035156,38.04999923706055,38.4900016784668,21.66815948486328,11657700.0
2008-07-18 00:00:00+00:00,38.540000915527344,39.2400016784668,38.2599983215332,38.529998779296875,21.69066619873047,6553900.0
2008-07-21 00:00:00+00:00,38.59000015258789,39.31999969482422,38.5099983215332,39.209999084472656,22.073476791381836,9143100.0
2008-07-22 00:00:00+00:00,39.0099983215332,39.599998474121094,38.95000076293945,39.08000183105469,22.00029754638672,5250500.0
2008-07-23 00:00:00+00:00,39.34000015258789,39.34000015258789,37.97999954223633,38.130001068115234,21.465482711791992,8453300.0
2008-07-24 00:00:00+00:00,38.13999938964844,38.40999984741211,37.4900016784668,38.06999969482422,21.43170928955078,6411700.0
2008-07-25 00:00:00+00:00,38.040000915527344,38.20000076293945,37.56999969482422,37.61000061035156,21.172760009765625,6317700.0
2008-07-28 00:00:00+00:00,37.61000061035156,38.130001068115234,37.5,37.70000076293945,21.223417282104492,5199500.0
2008-07-29 00:00:00+00:00,37.68000030517578,37.880001068115234,37.52000045776367,37.75,21.251562118530273,4117600.0
2008-07-30 00:00:00+00:00,37.75,38.4900016784668,37.70000076293945,38.4900016784668,21.66815948486328,5313900.0
2008-07-31 00:00:00+00:00,38.380001068115234,38.54999923706055,38.06999969482422,38.08000183105469,21.437347412109375,5411900.0
2008-08-01 00:00:00+00:00,38.34000015258789,38.349998474121094,36.900001525878906,36.9900016784668,20.8237247467041,9852800.0
2008-08-04 00:00:00+00:00,37.099998474121094,37.220001220703125,36.45000076293945,36.59000015258789,20.598543167114258,6958200.0
2008-08-05 00:00:00+00:00,36.54999923706055,37.2400016784668,36.2400016784668,36.88999938964844,20.767423629760742,8714700.0
2008-08-06 00:00:00+00:00,36.849998474121094,37.4900016784668,36.79999923706055,37.09000015258789,20.880016326904297,5702400.0
2008-08-07 00:00:00+00:00,37.0,37.5,36.52000045776367,37.060001373291016,20.863126754760742,5453600.0
2008-08-08 00:00:00+00:00,36.79999923706055,37.38999938964844,36.66999816894531,37.16999816894531,20.925058364868164,5669800.0
2008-08-11 00:00:00+00:00,37.380001068115234,37.88999938964844,37.099998474121094,37.58000183105469,21.15586280822754,4655700.0
2008-08-12 00:00:00+00:00,37.54999923706055,37.70000076293945,36.790000915527344,37.13999938964844,20.90816879272461,5624900.0
2008-08-13 00:00:00+00:00,36.970001220703125,37.45000076293945,36.880001068115234,37.13999938964844,20.90816879272461,3918600.0
2008-08-14 00:00:00+00:00,37.16999816894531,37.16999816894531,36.650001525878906,36.81999969482422,20.7280216217041,4344800.0
2008-08-15 00:00:00+00:00,36.91999816894531,37.09000015258789,36.83000183105469,36.95000076293945,20.801191329956055,2781300.0
2008-08-18 00:00:00+00:00,37.119998931884766,37.33000183105469,36.959999084472656,37.0,20.829347610473633,2967200.0
2008-08-19 00:00:00+00:00,37.150001525878906,37.220001220703125,36.95000076293945,37.20000076293945,20.941940307617188,2133500.0
2008-08-20 00:00:00+00:00,37.119998931884766,37.41999816894531,36.939998626708984,37.34000015258789,21.020751953125,3486500.0
2008-08-21 00:00:00+00:00,37.150001525878906,37.880001068115234,37.09000015258789,37.70000076293945,21.223417282104492,4112500.0
2008-08-22 00:00:00+00:00,37.86000061035156,38.029998779296875,37.75,37.849998474121094,21.307851791381836,2653300.0
2008-08-25 00:00:00+00:00,37.83000183105469,37.939998626708984,37.279998779296875,37.45000076293945,21.082683563232422,3464100.0
2008-08-26 00:00:00+00:00,37.400001525878906,37.9900016784668,37.349998474121094,37.86000061035156,21.313488006591797,2545900.0
2008-08-27 00:00:00+00:00,38.06999969482422,38.25,37.81999969482422,38.130001068115234,21.465482711791992,2623100.0
2008-08-28 00:00:00+00:00,38.34000015258789,38.400001525878906,38.099998474121094,38.189998626708984,21.4992618560791,1799800.0
2008-08-29 00:00:00+00:00,38.13999938964844,38.400001525878906,37.65999984741211,37.65999984741211,21.20090675354004,2206000.0
2008-09-01 00:00:00+00:00,,,,,,
2008-09-02 00:00:00+00:00,38.58000183105469,38.58000183105469,37.09000015258789,37.20000076293945,20.941940307617188,6224100.0
2008-09-03 00:00:00+00:00,37.189998626708984,37.189998626708984,36.470001220703125,36.61000061035156,20.609798431396484,3440700.0
2008-09-04 00:00:00+00:00,36.54999923706055,36.7400016784668,36.040000915527344,36.150001525878906,20.350831985473633,4199600.0
2008-09-05 00:00:00+00:00,36.060001373291016,36.119998931884766,35.2400016784668,35.38999938964844,19.922996520996094,6154500.0
2008-09-08 00:00:00+00:00,35.56999969482422,36.380001068115234,35.56999969482422,36.279998779296875,20.424022674560547,6507200.0
2008-09-09 00:00:00+00:00,36.5,36.52000045776367,35.040000915527344,35.13999938964844,19.78224754333496,8899300.0
2008-09-10 00:00:00+00:00,35.310001373291016,35.689998626708984,35.209999084472656,35.529998779296875,20.001811981201172,4254300.0
2008-09-11 00:00:00+00:00,35.25,35.959999084472656,34.900001525878906,35.810001373291016,20.15943145751953,8394400.0
2008-09-12 00:00:00+00:00,35.689998626708984,36.599998474121094,35.689998626708984,36.47999954223633,20.53661346435547,6197100.0
2008-09-15 00:00:00+00:00,35.369998931884766,36.22999954223633,35.209999084472656,35.209999084472656,19.8216609954834,8370100.0
2008-09-16 00:00:00+00:00,35.290000915527344,35.33000183105469,33.18000030517578,34.68000030517578,19.52328872680664,18645300.0
2008-09-17 00:00:00+00:00,34.33000183105469,34.63999938964844,33.0,33.0,18.57752227783203,15349300.0
2008-09-18 00:00:00+00:00,33.16999816894531,34.33000183105469,33.04999923706055,34.209999084472656,19.258703231811523,17986000.0
2008-09-19 00:00:00+00:00,34.88999938964844,36.75,34.09000015258789,35.0,19.87775421142578,9355700.0
2008-09-22 00:00:00+00:00,35.0099983215332,35.0099983215332,34.040000915527344,34.130001068115234,19.383649826049805,5658300.0
2008-09-23 00:00:00+00:00,34.0099983215332,34.43000030517578,33.540000915527344,33.540000915527344,19.04856300354004,3520800.0
2008-09-24 00:00:00+00:00,33.63999938964844,33.849998474121094,33.209999084472656,33.849998474121094,19.22463035583496,3306600.0
2008-09-25 00:00:00+00:00,33.77000045776367,34.88999938964844,33.77000045776367,34.52000045776367,19.60515022277832,4199500.0
2008-09-26 00:00:00+00:00,33.52000045776367,34.79999923706055,33.52000045776367,34.529998779296875,19.61081886291504,3207700.0
2008-09-29 00:00:00+00:00,34.13999938964844,34.13999938964844,32.5099983215332,32.720001220703125,18.582857131958008,7997900.0
2008-09-30 00:00:00+00:00,32.7400016784668,33.2599983215332,32.56999969482422,33.22999954223633,18.872507095336914,3359200.0
2008-10-01 00:00:00+00:00,33.33000183105469,33.40999984741211,32.47999954223633,33.09000015258789,18.792999267578125,6724500.0
2008-10-02 00:00:00+00:00,32.79999923706055,33.36000061035156,32.20000076293945,32.61000061035156,18.5203857421875,5241300.0
2008-10-03 00:00:00+00:00,32.779998779296875,33.279998779296875,31.979999542236328,32.119998931884766,18.24209213256836,8126700.0
2008-10-06 00:00:00+00:00,31.280000686645508,32.29999923706055,29.5,30.549999237060547,17.350440979003906,9640900.0
2008-10-07 00:00:00+00:00,30.520000457763672,31.1200008392334,29.219999313354492,29.299999237060547,16.640522003173828,9039900.0
2008-10-08 00:00:00+00:00,28.219999313354492,29.790000915527344,28.010000228881836,28.790000915527344,16.350875854492188,10497100.0
2008-10-09 00:00:00+00:00,29.149999618530273,29.770000457763672,26.850000381469727,26.850000381469727,15.24907398223877,9766300.0
2008-10-10 00:00:00+00:00,26.18000030517578,26.799999237060547,23.280000686645508,25.760000228881836,14.630025863647461,14829200.0
2008-10-13 00:00:00+00:00,27.270000457763672,29.15999984741211,26.209999084472656,28.8700008392334,16.39630699157715,6069800.0
2008-10-14 00:00:00+00:00,30.860000610351562,30.860000610351562,27.489999771118164,28.6299991607666,16.25999641418457,11083300.0
2008-10-15 00:00:00+00:00,28.1299991607666,28.68000030517578,26.399999618530273,26.5,15.050299644470215,8674400.0
2008-10-16 00:00:00+00:00,27.040000915527344,27.5,25.360000610351562,27.270000457763672,15.487610816955566,10749800.0
2008-10-17 00:00:00+00:00,27.719999313354492,29.18000030517578,26.549999237060547,27.40999984741211,15.567120552062988,11200400.0
2008-10-20 00:00:00+00:00,27.6200008392334,29.959999084472656,27.600000381469727,29.719999313354492,16.87905502319336,9968800.0
2008-10-21 00:00:00+00:00,29.600000381469727,29.690000534057617,28.56999969482422,28.780000686645508,16.345191955566406,7187100.0
2008-10-22 00:00:00+00:00,28.920000076293945,28.920000076293945,26.219999313354492,27.559999465942383,15.652311325073242,9744200.0
2008-10-23 00:00:00+00:00,27.43000030517578,28.850000381469727,26.440000534057617,28.219999313354492,16.02715301513672,15932200.0
2008-10-24 00:00:00+00:00,26.520000457763672,28.149999618530273,26.3700008392334,27.469999313354492,15.6011962890625,13917200.0
2008-10-27 00:00:00+00:00,27.18000030517578,27.790000915527344,26.399999618530273,26.399999618530273,14.993507385253906,7508000.0
2008-10-28 00:00:00+00:00,28.0,29.399999618530273,26.3700008392334,29.059999465942383,16.504220962524414,7972300.0
2008-10-29 00:00:00+00:00,29.229999542236328,29.649999618530273,28.1299991607666,28.1299991607666,15.976040840148926,8763500.0
2008-10-30 00:00:00+00:00,29.15999984741211,29.860000610351562,28.6200008392334,29.700000762939453,16.867698669433594,10375700.0
2008-10-31 00:00:00+00:00,30.049999237060547,30.420000076293945,28.8799991607666,28.90999984741211,16.419017791748047,11896200.0
2008-11-03 00:00:00+00:00,29.459999084472656,29.489999771118164,28.719999313354492,29.209999084472656,16.589401245117188,6081500.0
2008-11-04 00:00:00+00:00,29.65999984741211,30.309999465942383,29.329999923706055,29.760000228881836,16.901771545410156,7789900.0
2008-11-05 00:00:00+00:00,29.190000534057617,29.799999237060547,28.719999313354492,29.209999084472656,16.589401245117188,8784700.0
2008-11-06 00:00:00+00:00,28.75,28.940000534057617,27.309999465942383,27.84000015258789,15.811332702636719,9872400.0
2008-11-07 00:00:00+00:00,27.989999771118164,29.09000015258789,27.56999969482422,29.059999465942383,16.504220962524414,8427600.0
2008-11-10 00:00:00+00:00,29.489999771118164,29.59000015258789,27.829999923706055,28.360000610351562,16.106653213500977,8320800.0
2008-11-11 00:00:00+00:00,28.25,28.84000015258789,27.530000686645508,28.360000610351562,16.106653213500977,7997300.0
2008-11-12 00:00:00+00:00,27.68000030517578,28.049999237060547,27.420000076293945,27.420000076293945,15.572800636291504,6930900.0
2008-11-13 00:00:00+00:00,27.440000534057617,29.59000015258789,27.200000762939453,29.5,16.75410270690918,14754700.0
2008-11-14 00:00:00+00:00,28.780000686645508,30.1200008392334,28.25,28.799999237060547,16.356555938720703,13079600.0
2008-11-17 00:00:00+00:00,28.739999771118164,29.549999237060547,28.1299991607666,28.75,16.328155517578125,10489100.0
2008-11-18 00:00:00+00:00,28.079999923706055,29.079999923706055,27.780000686645508,28.440000534057617,16.152095794677734,12351100.0
2008-11-19 00:00:00+00:00,28.25,29.34000015258789,27.780000686645508,27.829999923706055,15.805659294128418,10548300.0
2008-11-20 00:00:00+00:00,27.610000610351562,28.25,25.979999542236328,26.209999084472656,14.885595321655273,15884600.0
2008-11-21 00:00:00+00:00,26.440000534057617,28.829999923706055,26.440000534057617,28.829999923706055,16.373584747314453,19201000.0
2008-11-24 00:00:00+00:00,28.860000610351562,29.809999465942383,28.440000534057617,29.1200008392334,16.538297653198242,10074300.0
2008-11-25 00:00:00+00:00,29.700000762939453,30.0,28.75,29.700000762939453,16.867698669433594,11610200.0
2008-11-26 00:00:00+00:00,29.0,29.700000762939453,28.690000534057617,29.600000381469727,16.810901641845703,9718300.0
2008-11-27 00:00:00+00:00,,,,,,
2008-11-28 00:00:00+00:00,29.739999771118164,30.139999389648438,29.100000381469727,30.1200008392334,17.106224060058594,2974600.0
2008-12-01 00:00:00+00:00,29.760000228881836,29.950000762939453,28.1200008392334,28.1200008392334,15.97036075592041,9235300.0
2008-12-02 00:00:00+00:00,28.579999923706055,28.850000381469727,27.940000534057617,28.850000381469727,16.384950637817383,11060600.0
2008-12-03 00:00:00+00:00,28.6299991607666,29.559999465942383,28.25,29.350000381469727,16.668914794921875,9804800.0
2008-12-04 00:00:00+00:00,29.260000228881836,29.40999984741211,27.65999984741211,28.290000915527344,16.066905975341797,11409700.0
2008-12-05 00:00:00+00:00,27.709999084472656,28.829999923706055,26.989999771118164,28.469999313354492,16.16912841796875,11929500.0
2008-12-08 00:00:00+00:00,29.56999969482422,29.56999969482422,28.489999771118164,28.93000030517578,16.430387496948242,8192100.0
2008-12-09 00:00:00+00:00,28.93000030517578,29.079999923706055,28.299999237060547,28.520000457763672,16.197532653808594,8966900.0
2008-12-10 00:00:00+00:00,28.479999542236328,29.1200008392334,28.479999542236328,28.950000762939453,16.441741943359375,5746600.0
2008-12-11 00:00:00+00:00,29.040000915527344,29.469999313354492,28.510000228881836,28.719999313354492,16.31111717224121,6380900.0
2008-12-12 00:00:00+00:00,28.639999389648438,28.920000076293945,28.0,28.899999618530273,16.413349151611328,6910600.0
2008-12-15 00:00:00+00:00,29.049999237060547,29.059999465942383,28.079999923706055,28.450000762939453,16.15777015686035,6820400.0
2008-12-16 00:00:00+00:00,29.420000076293945,29.549999237060547,28.489999771118164,29.420000076293945,16.70867156982422,7237100.0
2008-12-17 00:00:00+00:00,29.229999542236328,29.350000381469727,28.420000076293945,28.530000686645508,16.203210830688477,9114400.0
2008-12-18 00:00:00+00:00,28.6200008392334,29.31999969482422,28.56999969482422,28.770000457763672,16.339515686035156,9909900.0
2008-12-19 00:00:00+00:00,28.68000030517578,29.059999465942383,28.360000610351562,28.579999923706055,16.436702728271484,7990900.0
2008-12-22 00:00:00+00:00,28.530000686645508,28.649999618530273,27.889999389648438,28.200000762939453,16.21816635131836,6321400.0
2008-12-23 00:00:00+00:00,28.229999542236328,28.579999923706055,27.75,27.8799991607666,16.03412628173828,3433500.0
2008-12-24 00:00:00+00:00,27.760000228881836,28.1200008392334,27.760000228881836,28.020000457763672,16.114639282226562,1053800.0
2008-12-25 00:00:00+00:00,,,,,,
2008-12-26 00:00:00+00:00,28.15999984741211,28.3799991607666,28.059999465942383,28.079999923706055,16.149150848388672,1086600.0
2008-12-29 00:00:00+00:00,28.020000457763672,28.329999923706055,27.780000686645508,28.139999389648438,16.18366050720215,1865900.0
2008-12-30 00:00:00+00:00,28.469999313354492,28.6200008392334,28.219999313354492,28.56999969482422,16.430950164794922,3990800.0
2008-12-31 00:00:00+00:00,28.68000030517578,29.209999084472656,28.610000610351562,29.030000686645508,16.695507049560547,4281000.0
2009-01-01 00:00:00+00:00,,,,,,
2009-01-02 00:00:00+00:00,29.34000015258789,29.93000030517578,29.010000228881836,29.709999084472656,17.086584091186523,5375500.0
2009-01-05 00:00:00+00:00,29.739999771118164,30.1299991607666,29.610000610351562,30.1299991607666,17.328136444091797,6811000.0
2009-01-06 00:00:00+00:00,30.1299991607666,30.469999313354492,29.579999923706055,29.700000762939453,17.08083724975586,9577600.0
2009-01-07 00:00:00+00:00,29.459999084472656,29.549999237060547,29.110000610351562,29.459999084472656,16.942811965942383,4880500.0
2009-01-08 00:00:00+00:00,29.149999618530273,29.389999389648438,29.049999237060547,29.309999465942383,16.85653305053711,8393700.0
2009-01-09 00:00:00+00:00,29.5,29.5,28.959999084472656,29.079999923706055,16.724262237548828,4481200.0
2009-01-12 00:00:00+00:00,29.149999618530273,29.360000610351562,29.0,29.09000015258789,16.730010986328125,4682800.0
2009-01-13 00:00:00+00:00,29.190000534057617,29.209999084472656,28.350000381469727,28.540000915527344,16.413700103759766,7801000.0
2009-01-14 00:00:00+00:00,28.200000762939453,28.31999969482422,27.549999237060547,28.190000534057617,16.21241569519043,6545800.0
2009-01-15 00:00:00+00:00,28.229999542236328,28.40999984741211,27.760000228881836,28.34000015258789,16.298681259155273,7933300.0
2009-01-16 00:00:00+00:00,28.709999084472656,29.149999618530273,28.5,28.899999618530273,16.62074851989746,6029100.0
2009-01-19 00:00:00+00:00,,,,,,
2009-01-20 00:00:00+00:00,28.899999618530273,29.1200008392334,28.3700008392334,28.399999618530273,16.33319091796875,5973200.0
2009-01-21 00:00:00+00:00,28.940000534057617,28.940000534057617,28.049999237060547,28.719999313354492,16.517223358154297,6051000.0
2009-01-22 00:00:00+00:00,28.549999237060547,28.940000534057617,28.399999618530273,28.709999084472656,16.511470794677734,6774900.0
2009-01-23 00:00:00+00:00,28.219999313354492,28.889999389648438,28.059999465942383,28.770000457763672,16.545982360839844,7678400.0
2009-01-26 00:00:00+00:00,28.8799991607666,29.719999313354492,28.829999923706055,29.459999084472656,16.942811965942383,6168000.0
2009-01-27 00:00:00+00:00,29.540000915527344,29.81999969482422,29.270000457763672,29.600000381469727,17.023326873779297,4958700.0
2009-01-28 00:00:00+00:00,29.959999084472656,30.0,28.889999389648438,29.790000915527344,17.13259506225586,7079300.0
2009-01-29 00:00:00+00:00,29.6200008392334,30.18000030517578,29.43000030517578,29.56999969482422,17.006072998046875,8182600.0
2009-01-30 00:00:00+00:00,29.65999984741211,29.809999465942383,28.739999771118164,28.979999542236328,16.666749954223633,8119400.0
2009-02-02 00:00:00+00:00,28.649999618530273,29.239999771118164,28.420000076293945,29.139999389648438,16.758769989013672,7307400.0
2009-02-03 00:00:00+00:00,29.040000915527344,29.469999313354492,28.8799991607666,29.270000457763672,16.833541870117188,6659700.0
2009-02-04 00:00:00+00:00,29.56999969482422,29.829999923706055,29.229999542236328,29.489999771118164,16.960060119628906,8082400.0
2009-02-05 00:00:00+00:00,29.399999618530273,29.8700008392334,29.209999084472656,29.700000762939453,17.08083724975586,8261100.0
2009-02-06 00:00:00+00:00,29.700000762939453,30.219999313354492,29.450000762939453,29.889999389648438,17.190101623535156,7881400.0
2009-02-09 00:00:00+00:00,29.969999313354492,30.049999237060547,29.420000076293945,29.719999313354492,17.092336654663086,7296500.0
2009-02-10 00:00:00+00:00,29.649999618530273,29.729999542236328,28.670000076293945,28.8799991607666,16.609243392944336,9563800.0
2009-02-11 00:00:00+00:00,29.110000610351562,29.110000610351562,28.520000457763672,28.790000915527344,16.557485580444336,8869900.0
2009-02-12 00:00:00+00:00,28.260000228881836,28.56999969482422,27.790000915527344,28.540000915527344,16.413700103759766,11908000.0
2009-02-13 00:00:00+00:00,28.329999923706055,28.709999084472656,28.290000915527344,28.3700008392334,16.31593132019043,6889500.0
2009-02-16 00:00:00+00:00,,,,,,
2009-02-17 00:00:00+00:00,27.989999771118164,27.989999771118164,27.020000457763672,27.139999389648438,15.608541488647461,9309700.0
2009-02-18 00:00:00+00:00,27.06999969482422,27.190000534057617,26.530000686645508,26.729999542236328,15.372751235961914,8623800.0
2009-02-19 00:00:00+00:00,26.920000076293945,27.15999984741211,26.709999084472656,26.850000381469727,15.44176197052002,7819600.0
2009-02-20 00:00:00+00:00,26.56999969482422,26.700000762939453,25.760000228881836,26.239999771118164,15.0909423828125,11346300.0
2009-02-23 00:00:00+00:00,26.3799991607666,26.530000686645508,25.450000762939453,25.610000610351562,14.728629112243652,5783400.0
2009-02-24 00:00:00+00:00,25.6200008392334,26.549999237060547,25.6200008392334,26.350000381469727,15.154204368591309,7724400.0
2009-02-25 00:00:00+00:00,26.239999771118164,26.469999313354492,26.010000228881836,26.18000030517578,15.056438446044922,6556100.0
2009-02-26 00:00:00+00:00,26.290000915527344,26.5,25.639999389648438,25.75,14.809142112731934,6724300.0
2009-02-27 00:00:00+00:00,25.549999237060547,25.780000686645508,24.920000076293945,25.350000381469727,14.579093933105469,9144600.0
2009-03-02 00:00:00+00:00,25.030000686645508,25.360000610351562,24.3799991607666,24.549999237060547,14.119004249572754,11494500.0
2009-03-03 00:00:00+00:00,24.639999389648438,24.920000076293945,23.510000228881836,23.670000076293945,13.61290454864502,6113400.0
2009-03-04 00:00:00+00:00,23.81999969482422,24.239999771118164,23.559999465942383,23.889999389648438,13.73943042755127,5700900.0
2009-03-05 00:00:00+00:00,23.610000610351562,23.860000610351562,22.799999237060547,23.209999084472656,13.348357200622559,11321400.0
2009-03-06 00:00:00+00:00,23.239999771118164,23.850000381469727,22.639999389648438,23.18000030517578,13.33110237121582,9966400.0
2009-03-09 00:00:00+00:00,22.940000534057617,23.200000762939453,22.479999542236328,22.739999771118164,13.078054428100586,10118500.0
2009-03-10 00:00:00+00:00,22.829999923706055,23.420000076293945,22.770000457763672,23.040000915527344,13.250587463378906,8585200.0
2009-03-11 00:00:00+00:00,23.299999237060547,23.350000381469727,22.959999084472656,23.0,13.227582931518555,9392700.0
2009-03-12 00:00:00+00:00,23.040000915527344,23.450000762939453,22.81999969482422,23.299999237060547,13.400118827819824,6516400.0
2009-03-13 00:00:00+00:00,23.5,23.790000915527344,23.43000030517578,23.6200008392334,13.584149360656738,7157000.0
2009-03-16 00:00:00+00:00,23.8799991607666,24.700000762939453,23.780000686645508,24.260000228881836,13.952223777770996,8983800.0
2009-03-17 00:00:00+00:00,24.329999923706055,24.739999771118164,24.06999969482422,24.639999389648438,14.170764923095703,6313900.0
2009-03-18 00:00:00+00:00,24.639999389648438,25.600000381469727,24.34000015258789,25.440000534057617,14.63085651397705,8897900.0
2009-03-19 00:00:00+00:00,25.709999084472656,25.8799991607666,25.360000610351562,25.809999465942383,14.843648910522461,8747600.0
2009-03-20 00:00:00+00:00,25.56999969482422,25.940000534057617,25.260000228881836,25.350000381469727,14.74014949798584,7856700.0
2009-03-23 00:00:00+00:00,25.84000015258789,26.389999389648438,25.610000610351562,26.329999923706055,15.309981346130371,7052400.0
2009-03-24 00:00:00+00:00,26.200000762939453,26.329999923706055,25.760000228881836,25.760000228881836,14.978548049926758,6445100.0
2009-03-25 00:00:00+00:00,25.920000076293945,26.229999542236328,25.350000381469727,25.75,14.972736358642578,7075600.0
2009-03-26 00:00:00+00:00,25.920000076293945,26.1299991607666,25.440000534057617,26.059999465942383,15.152985572814941,6961300.0
2009-03-27 00:00:00+00:00,25.93000030517578,25.940000534057617,25.6200008392334,25.799999237060547,15.001803398132324,7695000.0
2009-03-30 00:00:00+00:00,25.360000610351562,25.479999542236328,24.969999313354492,25.290000915527344,14.705254554748535,8899200.0
2009-03-31 00:00:00+00:00,25.360000610351562,26.030000686645508,25.25,25.549999237060547,14.856439590454102,7701700.0
2009-04-01 00:00:00+00:00,25.219999313354492,25.899999618530273,24.969999313354492,25.649999618530273,14.91458511352539,5540500.0
2009-04-02 00:00:00+00:00,26.18000030517578,26.329999923706055,25.59000015258789,25.979999542236328,15.106473922729492,9311900.0
2009-04-03 00:00:00+00:00,26.170000076293945,26.270000457763672,25.899999618530273,26.149999618530273,15.205321311950684,5210100.0
2009-04-06 00:00:00+00:00,25.93000030517578,26.309999465942383,25.729999542236328,25.93000030517578,15.07739543914795,5510800.0
2009-04-07 00:00:00+00:00,25.739999771118164,26.020000457763672,25.40999984741211,25.809999465942383,15.007622718811035,4548700.0
2009-04-08 00:00:00+00:00,25.8700008392334,26.139999389648438,25.670000076293945,26.059999465942383,15.152985572814941,4475300.0
2009-04-09 00:00:00+00:00,26.540000915527344,26.950000762939453,25.809999465942383,26.06999969482422,15.158799171447754,6163800.0
2009-04-10 00:00:00+00:00,,,,,,
2009-04-13 00:00:00+00:00,26.010000228881836,26.059999465942383,25.59000015258789,25.729999542236328,14.961105346679688,4574100.0
2009-04-14 00:00:00+00:00,25.520000457763672,25.760000228881836,25.290000915527344,25.399999618530273,14.76921558380127,6403500.0
2009-04-15 00:00:00+00:00,25.270000457763672,25.760000228881836,25.270000457763672,25.639999389648438,14.908767700195312,4925800.0
2009-04-16 00:00:00+00:00,25.739999771118164,25.979999542236328,25.56999969482422,25.81999969482422,15.013437271118164,20328200.0
2009-04-17 00:00:00+00:00,25.8799991607666,25.959999084472656,25.6299991607666,25.780000686645508,14.9901762008667,6824500.0
2009-04-20 00:00:00+00:00,25.520000457763672,25.790000915527344,25.469999313354492,25.489999771118164,14.821547508239746,4977500.0
2009-04-21 00:00:00+00:00,25.489999771118164,25.75,25.43000030517578,25.579999923706055,14.873884201049805,1188300.0
2009-04-22 00:00:00+00:00,25.489999771118164,25.6200008392334,25.190000534057617,25.309999465942383,14.716891288757324,6268400.0
2009-04-23 00:00:00+00:00,25.389999389648438,25.420000076293945,25.139999389648438,25.399999618530273,14.76921558380127,6490200.0
2009-04-24 00:00:00+00:00,25.459999084472656,25.59000015258789,25.1299991607666,25.360000610351562,14.745963096618652,5720100.0
2009-04-27 00:00:00+00:00,25.020000457763672,25.770000457763672,25.010000228881836,25.540000915527344,14.850627899169922,5656300.0
2009-04-28 00:00:00+00:00,25.31999969482422,25.860000610351562,25.309999465942383,25.639999389648438,14.908767700195312,4541000.0
2009-04-29 00:00:00+00:00,25.709999084472656,25.969999313354492,25.670000076293945,25.829999923706055,15.019247055053711,6688500.0
2009-04-30 00:00:00+00:00,25.90999984741211,26.200000762939453,25.559999465942383,25.850000381469727,15.030877113342285,8538800.0
2009-05-01 00:00:00+00:00,26.149999618530273,26.530000686645508,25.700000762939453,26.530000686645508,15.426277160644531,3491900.0
2009-05-04 00:00:00+00:00,26.600000381469727,26.959999084472656,26.420000076293945,26.93000030517578,15.658857345581055,7614600.0
2009-05-05 00:00:00+00:00,26.8799991607666,26.950000762939453,26.56999969482422,26.8799991607666,15.629789352416992,3852900.0
2009-05-06 00:00:00+00:00,27.149999618530273,27.149999618530273,26.59000015258789,26.719999313354492,15.536750793457031,4853400.0
2009-05-07 00:00:00+00:00,26.729999542236328,27.040000915527344,26.670000076293945,26.860000610351562,15.618163108825684,6903100.0
2009-05-08 00:00:00+00:00,26.979999542236328,27.81999969482422,26.899999618530273,27.25,15.844926834106445,8105800.0
2009-05-11 00:00:00+00:00,27.020000457763672,27.389999389648438,26.979999542236328,27.1299991607666,15.775158882141113,3901700.0
2009-05-12 00:00:00+00:00,27.299999237060547,27.5,27.06999969482422,27.31999969482422,15.885629653930664,4505200.0
2009-05-13 00:00:00+00:00,27.059999465942383,27.200000762939453,26.559999465942383,26.59000015258789,15.461163520812988,7408700.0
2009-05-14 00:00:00+00:00,26.700000762939453,26.850000381469727,26.25,26.56999969482422,15.449536323547363,4503700.0
2009-05-15 00:00:00+00:00,26.399999618530273,26.420000076293945,25.65999984741211,25.940000534057617,15.08321762084961,10400800.0
2009-05-18 00:00:00+00:00,26.1200008392334,26.149999618530273,25.649999618530273,25.940000534057617,15.08321762084961,5424200.0
2009-05-19 00:00:00+00:00,25.989999771118164,26.530000686645508,25.920000076293945,26.40999984741211,15.356493949890137,6796400.0
2009-05-20 00:00:00+00:00,26.530000686645508,26.549999237060547,25.90999984741211,25.93000030517578,15.07739543914795,7092300.0
2009-05-21 00:00:00+00:00,25.68000030517578,25.780000686645508,25.520000457763672,25.6200008392334,14.897136688232422,5785100.0
2009-05-22 00:00:00+00:00,25.559999465942383,26.059999465942383,25.559999465942383,25.829999923706055,15.019247055053711,4892500.0
2009-05-25 00:00:00+00:00,,,,,,
2009-05-26 00:00:00+00:00,25.65999984741211,26.579999923706055,25.579999923706055,26.579999923706055,15.45534610748291,7123400.0
2009-05-27 00:00:00+00:00,26.6299991607666,26.6299991607666,25.979999542236328,26.040000915527344,15.141349792480469,5936900.0
2009-05-28 00:00:00+00:00,26.079999923706055,26.709999084472656,26.079999923706055,26.579999923706055,15.45534610748291,6475000.0
2009-05-29 00:00:00+00:00,26.6299991607666,26.860000610351562,26.350000381469727,26.770000457763672,15.565826416015625,5180300.0
2009-06-01 00:00:00+00:00,26.969999313354492,27.719999313354492,26.860000610351562,27.6299991607666,16.065889358520508,8817900.0
2009-06-02 00:00:00+00:00,27.510000228881836,27.729999542236328,27.280000686645508,27.299999237060547,15.874001502990723,6526300.0
2009-06-03 00:00:00+00:00,27.219999313354492,27.350000381469727,26.579999923706055,26.84000015258789,15.606525421142578,6337400.0
2009-06-04 00:00:00+00:00,27.010000228881836,27.139999389648438,26.850000381469727,27.09000015258789,15.7518949508667,3603000.0
2009-06-05 00:00:00+00:00,27.43000030517578,27.5,26.8799991607666,27.1200008392334,15.769340515136719,6163500.0
2009-06-08 00:00:00+00:00,27.170000076293945,27.229999542236328,26.649999618530273,26.950000762939453,15.670490264892578,6417100.0
2009-06-09 00:00:00+00:00,27.010000228881836,27.139999389648438,26.760000228881836,26.8799991607666,15.629789352416992,4049600.0
2009-06-10 00:00:00+00:00,27.079999923706055,27.360000610351562,26.940000534057617,27.299999237060547,15.874001502990723,13613200.0
2009-06-11 00:00:00+00:00,27.389999389648438,28.15999984741211,27.299999237060547,27.829999923706055,16.182180404663086,13625800.0
2009-06-12 00:00:00+00:00,27.68000030517578,28.360000610351562,27.5,28.18000030517578,16.385692596435547,11927400.0
2009-06-15 00:00:00+00:00,27.989999771118164,28.040000915527344,27.3700008392334,27.610000610351562,16.05426025390625,7117100.0
2009-06-16 00:00:00+00:00,27.709999084472656,27.850000381469727,27.360000610351562,27.420000076293945,15.943780899047852,6804200.0
2009-06-17 00:00:00+00:00,27.450000762939453,27.770000457763672,27.329999923706055,27.5,15.99029541015625,9084400.0
2009-06-18 00:00:00+00:00,27.579999923706055,28.15999984741211,27.540000915527344,28.1200008392334,16.35080337524414,11918600.0
2009-06-19 00:00:00+00:00,27.899999618530273,28.06999969482422,27.40999984741211,27.469999313354492,16.154970169067383,9980000.0
2009-06-22 00:00:00+00:00,27.34000015258789,27.690000534057617,27.15999984741211,27.389999389648438,16.10792350769043,10242100.0
2009-06-23 00:00:00+00:00,27.389999389648438,27.510000228881836,27.040000915527344,27.149999618530273,15.966776847839355,8396700.0
2009-06-24 00:00:00+00:00,27.290000915527344,27.559999465942383,27.170000076293945,27.3799991607666,16.10203742980957,5630600.0
2009-06-25 00:00:00+00:00,27.600000381469727,27.950000762939453,27.1299991607666,27.84000015258789,16.372568130493164,8727600.0
2009-06-26 00:00:00+00:00,27.829999923706055,27.989999771118164,27.579999923706055,27.739999771118164,16.313751220703125,3339400.0
2009-06-29 00:00:00+00:00,27.899999618530273,28.1299991607666,27.68000030517578,28.100000381469727,16.525463104248047,4483100.0
2009-06-30 00:00:00+00:00,28.3700008392334,28.3700008392334,27.56999969482422,27.889999389648438,16.401975631713867,6621600.0
2009-07-01 00:00:00+00:00,27.899999618530273,28.350000381469727,27.850000381469727,28.25,16.61368179321289,7764700.0
2009-07-02 00:00:00+00:00,28.0,28.25,27.40999984741211,27.440000534057617,16.1373233795166,9472100.0
2009-07-03 00:00:00+00:00,,,,,,
2009-07-06 00:00:00+00:00,27.290000915527344,27.700000762939453,27.1299991607666,27.600000381469727,16.231416702270508,6640900.0
2009-07-07 00:00:00+00:00,27.709999084472656,27.709999084472656,27.0,27.049999237060547,15.907968521118164,8574400.0
2009-07-08 00:00:00+00:00,27.09000015258789,27.3799991607666,26.719999313354492,26.93000030517578,15.837394714355469,8780500.0
2009-07-09 00:00:00+00:00,26.979999542236328,27.229999542236328,26.700000762939453,26.940000534057617,15.843277931213379,6336200.0
2009-07-10 00:00:00+00:00,26.969999313354492,27.049999237060547,26.700000762939453,26.90999984741211,15.825639724731445,6618300.0
2009-07-13 00:00:00+00:00,26.90999984741211,27.420000076293945,26.75,27.3799991607666,16.10203742980957,6289800.0
2009-07-14 00:00:00+00:00,27.549999237060547,27.600000381469727,27.219999313354492,27.59000015258789,16.225536346435547,5789000.0
2009-07-15 00:00:00+00:00,27.940000534057617,28.149999618530273,27.65999984741211,28.139999389648438,16.548995971679688,7632500.0
2009-07-16 00:00:00+00:00,28.09000015258789,28.280000686645508,27.75,28.149999618530273,16.55487060546875,4378000.0
2009-07-17 00:00:00+00:00,28.290000915527344,28.290000915527344,27.770000457763672,28.020000457763672,16.478418350219727,3798000.0
2009-07-20 00:00:00+00:00,28.020000457763672,28.25,27.84000015258789,28.229999542236328,16.601919174194336,4397100.0
2009-07-21 00:00:00+00:00,28.329999923706055,28.549999237060547,28.219999313354492,28.510000228881836,16.766590118408203,6784600.0
2009-07-22 00:00:00+00:00,28.510000228881836,28.610000610351562,28.25,28.360000610351562,16.678369522094727,5892900.0
2009-07-23 00:00:00+00:00,28.40999984741211,29.219999313354492,28.34000015258789,29.100000381469727,17.113569259643555,7794600.0
2009-07-24 00:00:00+00:00,29.100000381469727,29.559999465942383,28.90999984741211,29.559999465942383,17.384084701538086,5255200.0
2009-07-27 00:00:00+00:00,29.510000228881836,29.559999465942383,29.280000686645508,29.489999771118164,17.34291648864746,3176800.0
2009-07-28 00:00:00+00:00,29.459999084472656,29.5,28.770000457763672,29.010000228881836,17.060632705688477,4706200.0
2009-07-29 00:00:00+00:00,28.899999618530273,29.079999923706055,28.530000686645508,28.8700008392334,16.978300094604492,5322900.0
2009-07-30 00:00:00+00:00,29.200000762939453,29.469999313354492,28.989999771118164,29.309999465942383,17.237058639526367,6449400.0
2009-07-31 00:00:00+00:00,29.229999542236328,29.3700008392334,28.920000076293945,28.940000534057617,17.019472122192383,5337600.0
2009-08-03 00:00:00+00:00,29.06999969482422,29.239999771118164,28.889999389648438,29.229999542236328,17.190013885498047,6160800.0
2009-08-04 00:00:00+00:00,29.139999389648438,29.139999389648438,28.770000457763672,28.799999237060547,16.937137603759766,6495400.0
2009-08-05 00:00:00+00:00,28.940000534057617,28.989999771118164,28.40999984741211,28.600000381469727,16.819515228271484,4517100.0
2009-08-06 00:00:00+00:00,28.739999771118164,28.739999771118164,28.459999084472656,28.649999618530273,16.848926544189453,5115400.0
2009-08-07 00:00:00+00:00,28.799999237060547,29.040000915527344,28.649999618530273,28.920000076293945,17.007705688476562,7172400.0
2009-08-10 00:00:00+00:00,28.90999984741211,29.0,28.59000015258789,28.979999542236328,17.042991638183594,3221300.0
2009-08-11 00:00:00+00:00,28.959999084472656,29.0,28.729999542236328,29.0,17.05475425720215,2834800.0
2009-08-12 00:00:00+00:00,29.020000457763672,29.34000015258789,28.799999237060547,29.139999389648438,17.1370906829834,4549000.0
2009-08-13 00:00:00+00:00,29.170000076293945,29.239999771118164,28.860000610351562,29.040000915527344,17.07828140258789,5736300.0
2009-08-14 00:00:00+00:00,28.93000030517578,29.18000030517578,28.75,29.040000915527344,17.07828140258789,3563100.0
2009-08-17 00:00:00+00:00,28.700000762939453,28.809999465942383,28.579999923706055,28.639999389648438,16.843040466308594,4782100.0
2009-08-18 00:00:00+00:00,28.84000015258789,28.84000015258789,28.5,28.700000762939453,16.878324508666992,4672600.0
2009-08-19 00:00:00+00:00,28.649999618530273,28.979999542236328,28.56999969482422,28.90999984741211,17.00181770324707,3827300.0
2009-08-20 00:00:00+00:00,28.979999542236328,29.149999618530273,28.799999237060547,29.149999618530273,17.142963409423828,3313100.0
2009-08-21 00:00:00+00:00,29.229999542236328,29.729999542236328,29.200000762939453,29.719999313354492,17.478181838989258,7122600.0
2009-08-24 00:00:00+00:00,29.790000915527344,29.860000610351562,29.559999465942383,29.770000457763672,17.507583618164062,3239600.0
2009-08-25 00:00:00+00:00,29.770000457763672,29.8799991607666,29.56999969482422,29.579999923706055,17.395851135253906,3282800.0
2009-08-26 00:00:00+00:00,29.610000610351562,29.68000030517578,29.360000610351562,29.549999237060547,17.378202438354492,3335500.0
2009-08-27 00:00:00+00:00,29.610000610351562,29.6200008392334,29.34000015258789,29.549999237060547,17.378202438354492,4853000.0
2009-08-28 00:00:00+00:00,29.59000015258789,29.65999984741211,29.309999465942383,29.479999542236328,17.33704376220703,3347500.0
2009-08-31 00:00:00+00:00,29.40999984741211,29.450000762939453,29.149999618530273,29.229999542236328,17.190013885498047,7360000.0
2009-09-01 00:00:00+00:00,29.1200008392334,29.450000762939453,28.950000762939453,29.0,17.05475425720215,6581100.0
2009-09-02 00:00:00+00:00,28.889999389648438,28.979999542236328,28.700000762939453,28.799999237060547,16.937137603759766,5236000.0
2009-09-03 00:00:00+00:00,28.93000030517578,28.93000030517578,28.6200008392334,28.780000686645508,16.925373077392578,3759200.0
2009-09-04 00:00:00+00:00,28.93000030517578,28.989999771118164,28.739999771118164,28.920000076293945,17.007705688476562,5521900.0
2009-09-07 00:00:00+00:00,,,,,,
2009-09-08 00:00:00+00:00,29.139999389648438,29.15999984741211,28.8700008392334,28.989999771118164,17.048877716064453,3096500.0
2009-09-09 00:00:00+00:00,28.979999542236328,29.110000610351562,28.920000076293945,28.950000762939453,17.025354385375977,4620800.0
2009-09-10 00:00:00+00:00,28.899999618530273,29.030000686645508,28.760000228881836,28.950000762939453,17.025354385375977,5300700.0
2009-09-11 00:00:00+00:00,29.0,29.100000381469727,28.8700008392334,28.940000534057617,17.019472122192383,7102700.0
2009-09-14 00:00:00+00:00,28.860000610351562,29.360000610351562,28.799999237060547,29.360000610351562,17.266469955444336,6760100.0
2009-09-15 00:00:00+00:00,29.3799991607666,29.59000015258789,29.190000534057617,29.579999923706055,17.395851135253906,4185000.0
2009-09-16 00:00:00+00:00,29.670000076293945,30.059999465942383,29.420000076293945,30.049999237060547,17.67224884033203,5670900.0
2009-09-17 00:00:00+00:00,30.0,30.110000610351562,29.809999465942383,29.850000381469727,17.55463409423828,5354000.0
2009-09-18 00:00:00+00:00,29.549999237060547,29.739999771118164,29.549999237060547,29.68000030517578,17.63484764099121,4784600.0
2009-09-21 00:00:00+00:00,29.520000457763672,29.639999389648438,29.309999465942383,29.540000915527344,17.55166244506836,6129400.0
2009-09-22 00:00:00+00:00,29.670000076293945,29.670000076293945,29.399999618530273,29.459999084472656,17.504133224487305,4942900.0
2009-09-23 00:00:00+00:00,29.5,29.84000015258789,29.329999923706055,29.360000610351562,17.44471549987793,9684400.0
2009-09-24 00:00:00+00:00,29.3700008392334,29.56999969482422,29.280000686645508,29.280000686645508,17.397174835205078,4808600.0
2009-09-25 00:00:00+00:00,29.25,29.399999618530273,29.190000534057617,29.200000762939453,17.349651336669922,2958000.0
2009-09-28 00:00:00+00:00,29.280000686645508,29.670000076293945,29.170000076293945,29.450000762939453,17.49818992614746,3720400.0
2009-09-29 00:00:00+00:00,29.610000610351562,29.639999389648438,29.329999923706055,29.510000228881836,17.53383445739746,5505400.0
2009-09-30 00:00:00+00:00,29.6200008392334,29.639999389648438,29.15999984741211,29.329999923706055,17.426895141601562,6633500.0
2009-10-01 00:00:00+00:00,29.360000610351562,29.360000610351562,28.780000686645508,28.829999923706055,17.129804611206055,9243000.0
2009-10-02 00:00:00+00:00,28.59000015258789,28.649999618530273,28.420000076293945,28.520000457763672,16.94561767578125,6435600.0
2009-10-05 00:00:00+00:00,28.530000686645508,28.899999618530273,28.350000381469727,28.829999923706055,17.129804611206055,6849200.0
2009-10-06 00:00:00+00:00,28.920000076293945,29.18000030517578,28.829999923706055,29.049999237060547,17.260520935058594,3963500.0
2009-10-07 00:00:00+00:00,29.0,29.110000610351562,28.860000610351562,29.06999969482422,17.272403717041016,3281500.0
2009-10-08 00:00:00+00:00,29.25,29.25,29.020000457763672,29.06999969482422,17.272403717041016,9158700.0
2009-10-09 00:00:00+00:00,29.1200008392334,29.329999923706055,28.959999084472656,29.25,17.37935447692871,4574200.0
2009-10-12 00:00:00+00:00,29.239999771118164,29.549999237060547,29.239999771118164,29.549999237060547,17.557600021362305,2466800.0
2009-10-13 00:00:00+00:00,29.440000534057617,29.440000534057617,29.219999313354492,29.34000015258789,17.432828903198242,4863700.0
2009-10-14 00:00:00+00:00,29.469999313354492,29.540000915527344,29.200000762939453,29.360000610351562,17.44471549987793,7977800.0
2009-10-15 00:00:00+00:00,29.290000915527344,29.6299991607666,29.290000915527344,29.59000015258789,17.58137321472168,7533700.0
2009-10-16 00:00:00+00:00,29.450000762939453,29.809999465942383,29.360000610351562,29.690000534057617,17.640790939331055,7568800.0
2009-10-19 00:00:00+00:00,29.700000762939453,30.229999542236328,29.579999923706055,30.110000610351562,17.89034080505371,8892600.0
2009-10-20 00:00:00+00:00,30.170000076293945,30.190000534057617,29.690000534057617,29.809999465942383,17.712095260620117,6201200.0
2009-10-21 00:00:00+00:00,29.799999237060547,30.209999084472656,29.770000457763672,29.850000381469727,17.735855102539062,8343400.0
2009-10-22 00:00:00+00:00,29.8799991607666,29.950000762939453,29.610000610351562,29.920000076293945,17.777448654174805,4214600.0
2009-10-23 00:00:00+00:00,30.010000228881836,30.010000228881836,29.34000015258789,29.43000030517578,17.486312866210938,7168500.0
2009-10-26 00:00:00+00:00,29.479999542236328,29.84000015258789,28.950000762939453,29.040000915527344,17.25458526611328,12202600.0
2009-10-27 00:00:00+00:00,29.139999389648438,29.329999923706055,28.8700008392334,28.969999313354492,17.212987899780273,10762700.0
2009-10-28 00:00:00+00:00,28.959999084472656,29.09000015258789,28.639999389648438,28.68000030517578,17.04068374633789,15738900.0
2009-10-29 00:00:00+00:00,28.799999237060547,28.979999542236328,28.6299991607666,28.93000030517578,17.18922996520996,7537900.0
2009-10-30 00:00:00+00:00,28.920000076293945,29.010000228881836,28.350000381469727,28.389999389648438,16.86836814880371,13260100.0
2009-11-02 00:00:00+00:00,28.510000228881836,28.700000762939453,28.100000381469727,28.34000015258789,16.838666915893555,8284700.0
2009-11-03 00:00:00+00:00,28.34000015258789,28.43000030517578,28.18000030517578,28.280000686645508,16.80301856994629,8381600.0
2009-11-04 00:00:00+00:00,28.3799991607666,28.8700008392334,28.350000381469727,28.469999313354492,16.915903091430664,7950200.0
2009-11-05 00:00:00+00:00,28.65999984741211,28.979999542236328,28.639999389648438,28.950000762939453,17.201107025146484,6482900.0
2009-11-06 00:00:00+00:00,28.8799991607666,29.079999923706055,28.780000686645508,28.920000076293945,17.183279037475586,7214300.0
2009-11-09 00:00:00+00:00,29.06999969482422,29.440000534057617,29.030000686645508,29.440000534057617,17.492246627807617,4752500.0
2009-11-10 00:00:00+00:00,29.360000610351562,29.639999389648438,29.329999923706055,29.579999923706055,17.575428009033203,5523600.0
2009-11-11 00:00:00+00:00,29.739999771118164,29.780000686645508,29.420000076293945,29.510000228881836,17.53383445739746,5798400.0
2009-11-12 00:00:00+00:00,29.469999313354492,29.579999923706055,29.079999923706055,29.100000381469727,17.290233612060547,5460100.0
2009-11-13 00:00:00+00:00,29.15999984741211,29.489999771118164,29.049999237060547,29.360000610351562,17.44471549987793,8499200.0
2009-11-16 00:00:00+00:00,29.579999923706055,29.790000915527344,29.489999771118164,29.770000457763672,17.688318252563477,7794500.0
2009-11-17 00:00:00+00:00,29.84000015258789,29.84000015258789,29.540000915527344,29.610000610351562,17.593252182006836,5431900.0
2009-11-18 00:00:00+00:00,29.600000381469727,29.690000534057617,29.440000534057617,29.479999542236328,17.516019821166992,4761400.0
2009-11-19 00:00:00+00:00,29.40999984741211,29.479999542236328,29.040000915527344,29.1200008392334,17.3021183013916,6193600.0
2009-11-20 00:00:00+00:00,29.049999237060547,29.25,29.030000686645508,29.25,17.37935447692871,7480700.0
2009-11-23 00:00:00+00:00,29.510000228881836,29.75,29.399999618530273,29.6200008392334,17.599193572998047,7404900.0
2009-11-24 00:00:00+00:00,29.690000534057617,29.739999771118164,29.479999542236328,29.68000030517578,17.63484764099121,7341900.0
2009-11-25 00:00:00+00:00,29.690000534057617,30.09000015258789,29.68000030517578,30.020000457763672,17.836864471435547,6320700.0
2009-11-26 00:00:00+00:00,,,,,,
2009-11-27 00:00:00+00:00,29.600000381469727,29.81999969482422,29.3700008392334,29.510000228881836,17.53383445739746,5992500.0
2009-11-30 00:00:00+00:00,29.649999618530273,29.809999465942383,29.510000228881836,29.760000228881836,17.682382583618164,5720600.0
2009-12-01 00:00:00+00:00,29.979999542236328,30.329999923706055,29.90999984741211,30.31999969482422,18.015111923217773,10539600.0
2009-12-02 00:00:00+00:00,30.420000076293945,30.729999542236328,30.329999923706055,30.729999542236328,18.25872039794922,13090500.0
2009-12-03 00:00:00+00:00,30.829999923706055,31.049999237060547,30.600000381469727,30.829999923706055,18.318134307861328,9964200.0
2009-12-04 00:00:00+00:00,31.139999389648438,31.219999313354492,30.280000686645508,30.639999389648438,18.20524787902832,20348600.0
2009-12-07 00:00:00+00:00,30.829999923706055,31.079999923706055,30.3799991607666,30.90999984741211,18.365676879882812,11117100.0
2009-12-08 00:00:00+00:00,30.920000076293945,30.93000030517578,30.540000915527344,30.780000686645508,18.288429260253906,15200600.0
2009-12-09 00:00:00+00:00,30.84000015258789,30.920000076293945,30.649999618530273,30.889999389648438,18.35379409790039,9903300.0
2009-12-10 00:00:00+00:00,31.15999984741211,31.3700008392334,30.989999771118164,31.280000686645508,18.585514068603516,12060300.0
2009-12-11 00:00:00+00:00,31.43000030517578,31.81999969482422,31.280000686645508,31.81999969482422,18.906360626220703,12524700.0
2009-12-14 00:00:00+00:00,32.02000045776367,32.08000183105469,31.760000228881836,31.969999313354492,18.995481491088867,13813100.0
2009-12-15 00:00:00+00:00,31.829999923706055,31.8700008392334,31.6299991607666,31.770000457763672,18.87665367126465,6862400.0
2009-12-16 00:00:00+00:00,31.8700008392334,31.950000762939453,31.6200008392334,31.6299991607666,18.793466567993164,12374800.0
2009-12-17 00:00:00+00:00,31.520000457763672,31.68000030517578,31.360000610351562,31.450000762939453,18.686525344848633,8905500.0
2009-12-18 00:00:00+00:00,31.40999984741211,31.469999313354492,31.030000686645508,31.350000381469727,18.848249435424805,11181000.0
2009-12-21 00:00:00+00:00,31.450000762939453,31.579999923706055,31.350000381469727,31.440000534057617,18.90235710144043,5335900.0
2009-12-22 00:00:00+00:00,31.579999923706055,31.610000610351562,31.149999618530273,31.18000030517578,18.746042251586914,10711100.0
2009-12-23 00:00:00+00:00,31.350000381469727,31.350000381469727,31.100000381469727,31.25,18.788129806518555,5206100.0
2009-12-24 00:00:00+00:00,31.3700008392334,31.510000228881836,31.239999771118164,31.479999542236328,18.92641258239746,1993200.0
2009-12-25 00:00:00+00:00,,,,,,
2009-12-28 00:00:00+00:00,31.5,31.600000381469727,31.3799991607666,31.5,18.938438415527344,9607500.0
2009-12-29 00:00:00+00:00,31.579999923706055,31.639999389648438,31.479999542236328,31.479999542236328,18.92641258239746,4656300.0
2009-12-30 00:00:00+00:00,31.479999542236328,31.56999969482422,31.399999618530273,31.469999313354492,18.92039680480957,2314800.0
2009-12-31 00:00:00+00:00,31.600000381469727,31.610000610351562,31.0,31.020000457763672,18.64984130859375,5506900.0
2010-01-01 00:00:00+00:00,,,,,,
2010-01-04 00:00:00+00:00,31.280000686645508,31.360000610351562,31.010000228881836,31.079999923706055,18.685922622680664,8217600.0
2010-01-05 00:00:00+00:00,30.989999771118164,31.170000076293945,30.559999465942383,30.709999084472656,18.463468551635742,18023700.0
2010-01-06 00:00:00+00:00,30.690000534057617,31.0,30.690000534057617,30.889999389648438,18.57168960571289,12745100.0
2010-01-07 00:00:00+00:00,30.850000381469727,30.8700008392334,30.639999389648438,30.75,18.487518310546875,6563100.0
2010-01-08 00:00:00+00:00,30.709999084472656,30.790000915527344,30.520000457763672,30.719999313354492,18.469480514526367,6267600.0
2010-01-11 00:00:00+00:00,30.799999237060547,31.100000381469727,30.75,31.040000915527344,18.66187286376953,8874500.0
2010-01-12 00:00:00+00:00,30.950000762939453,31.15999984741211,30.790000915527344,30.90999984741211,18.583709716796875,8327500.0
2010-01-13 00:00:00+00:00,30.989999771118164,31.260000228881836,30.860000610351562,31.25,18.788129806518555,7859500.0
2010-01-14 00:00:00+00:00,31.209999084472656,31.290000915527344,30.969999313354492,31.110000610351562,18.703954696655273,4816600.0
2010-01-15 00:00:00+00:00,30.889999389648438,31.040000915527344,30.579999923706055,30.90999984741211,18.583709716796875,12710700.0
2010-01-18 00:00:00+00:00,,,,,,
2010-01-19 00:00:00+00:00,30.920000076293945,31.299999237060547,30.84000015258789,31.270000457763672,18.800151824951172,5896400.0
2010-01-20 00:00:00+00:00,31.15999984741211,31.15999984741211,30.65999984741211,30.940000534057617,18.60174560546875,9519700.0
2010-01-21 00:00:00+00:00,30.979999542236328,31.15999984741211,30.399999618530273,30.489999771118164,18.331199645996094,12905300.0
2010-01-22 00:00:00+00:00,30.5,30.5,29.81999969482422,29.81999969482422,17.92838478088379,12703100.0
2010-01-25 00:00:00+00:00,30.100000381469727,30.139999389648438,29.75,30.020000457763672,18.048633575439453,7476800.0
2010-01-26 00:00:00+00:00,30.0,30.260000228881836,29.84000015258789,30.139999389648438,18.120773315429688,7540900.0
2010-01-27 00:00:00+00:00,30.149999618530273,30.149999618530273,29.56999969482422,29.940000534057617,18.000526428222656,14298100.0
2010-01-28 00:00:00+00:00,29.899999618530273,30.1200008392334,29.549999237060547,29.709999084472656,17.86224365234375,14062200.0
2010-01-29 00:00:00+00:00,29.709999084472656,29.889999389648438,29.479999542236328,29.530000686645508,17.7540283203125,9572800.0
2010-02-01 00:00:00+00:00,29.559999465942383,29.739999771118164,29.350000381469727,29.719999313354492,17.868257522583008,6682900.0
2010-02-02 00:00:00+00:00,29.790000915527344,29.979999542236328,29.469999313354492,29.959999084472656,18.012557983398438,6553600.0
2010-02-03 00:00:00+00:00,29.799999237060547,29.90999984741211,29.65999984741211,29.75,17.88629913330078,3982400.0
2010-02-04 00:00:00+00:00,29.610000610351562,29.670000076293945,28.969999313354492,28.969999313354492,17.417339324951172,7240800.0
2010-02-05 00:00:00+00:00,29.030000686645508,29.030000686645508,28.459999084472656,28.920000076293945,17.387283325195312,9988300.0
2010-02-08 00:00:00+00:00,28.950000762939453,29.1200008392334,28.579999923706055,28.59000015258789,17.18888282775879,5123500.0
2010-02-09 00:00:00+00:00,28.84000015258789,29.209999084472656,28.739999771118164,28.8799991607666,17.363231658935547,8715300.0
2010-02-10 00:00:00+00:00,28.940000534057617,28.940000534057617,28.5,28.75,17.285079956054688,6572200.0
2010-02-11 00:00:00+00:00,28.780000686645508,28.959999084472656,28.450000762939453,28.920000076293945,17.387283325195312,8110000.0
2010-02-12 00:00:00+00:00,28.75,28.829999923706055,28.549999237060547,28.809999465942383,17.321149826049805,10062300.0
2010-02-15 00:00:00+00:00,,,,,,
2010-02-16 00:00:00+00:00,28.850000381469727,29.31999969482422,28.850000381469727,29.309999465942383,17.621753692626953,6014400.0
2010-02-17 00:00:00+00:00,29.450000762939453,29.489999771118164,29.1299991607666,29.190000534057617,17.549612045288086,6447600.0
2010-02-18 00:00:00+00:00,29.030000686645508,29.440000534057617,29.0,29.350000381469727,17.645814895629883,5526900.0
2010-02-19 00:00:00+00:00,29.309999465942383,29.8799991607666,29.190000534057617,29.760000228881836,17.892309188842773,5596600.0
2010-02-22 00:00:00+00:00,29.989999771118164,30.059999465942383,29.579999923706055,29.600000381469727,17.79611587524414,5657700.0
2010-02-23 00:00:00+00:00,29.510000228881836,29.649999618530273,29.31999969482422,29.399999618530273,17.675870895385742,5544300.0
2010-02-24 00:00:00+00:00,29.479999542236328,29.530000686645508,29.110000610351562,29.43000030517578,17.69390106201172,4990800.0
2010-02-25 00:00:00+00:00,29.059999465942383,29.3799991607666,28.899999618530273,29.3700008392334,17.6578369140625,7381400.0
2010-02-26 00:00:00+00:00,29.299999237060547,29.440000534057617,29.110000610351562,29.139999389648438,17.519554138183594,8315700.0
2010-03-01 00:00:00+00:00,29.239999771118164,29.610000610351562,29.229999542236328,29.559999465942383,17.772064208984375,4933600.0
2010-03-02 00:00:00+00:00,29.579999923706055,29.780000686645508,29.579999923706055,29.649999618530273,17.826171875,4715500.0
2010-03-03 00:00:00+00:00,29.709999084472656,29.84000015258789,29.549999237060547,29.600000381469727,17.79611587524414,3626700.0
2010-03-04 00:00:00+00:00,29.65999984741211,29.68000030517578,29.459999084472656,29.65999984741211,17.83218765258789,5410800.0
2010-03-05 00:00:00+00:00,29.790000915527344,30.010000228881836,29.68000030517578,29.959999084472656,18.012557983398438,5190500.0
2010-03-08 00:00:00+00:00,30.079999923706055,30.079999923706055,29.950000762939453,29.959999084472656,18.012557983398438,3484400.0
2010-03-09 00:00:00+00:00,29.93000030517578,30.0,29.860000610351562,29.920000076293945,17.988502502441406,3937200.0
2010-03-10 00:00:00+00:00,29.969999313354492,30.0,29.790000915527344,29.93000030517578,17.994518280029297,3848200.0
2010-03-11 00:00:00+00:00,29.899999618530273,30.040000915527344,29.790000915527344,30.030000686645508,18.054645538330078,3664800.0
2010-03-12 00:00:00+00:00,30.06999969482422,30.1299991607666,29.770000457763672,29.84000015258789,17.94040870666504,5719300.0
2010-03-15 00:00:00+00:00,29.829999923706055,29.969999313354492,29.75,29.950000762939453,18.006540298461914,3791900.0
2010-03-16 00:00:00+00:00,29.90999984741211,30.31999969482422,29.889999389648438,30.299999237060547,18.216962814331055,5529200.0
2010-03-17 00:00:00+00:00,30.3799991607666,30.450000762939453,30.239999771118164,30.399999618530273,18.27709197998047,5891100.0
2010-03-18 00:00:00+00:00,30.34000015258789,30.5,30.18000030517578,30.260000228881836,18.19291877746582,4317100.0
2010-03-19 00:00:00+00:00,29.959999084472656,30.170000076293945,29.75,29.959999084472656,18.172897338867188,5766000.0
2010-03-22 00:00:00+00:00,29.84000015258789,29.889999389648438,29.65999984741211,29.760000228881836,18.05159568786621,5110200.0
2010-03-23 00:00:00+00:00,29.829999923706055,29.8799991607666,29.68000030517578,29.8799991607666,18.124372482299805,5823300.0
2010-03-24 00:00:00+00:00,29.780000686645508,29.8799991607666,29.530000686645508,29.56999969482422,17.93634033203125,6599400.0
2010-03-25 00:00:00+00:00,29.6200008392334,29.709999084472656,29.350000381469727,29.3799991607666,17.821088790893555,10484100.0
2010-03-26 00:00:00+00:00,29.3700008392334,29.56999969482422,29.299999237060547,29.450000762939453,17.863557815551758,8272600.0
2010-03-29 00:00:00+00:00,29.559999465942383,29.81999969482422,29.530000686645508,29.809999465942383,18.081918716430664,8611300.0
2010-03-30 00:00:00+00:00,29.770000457763672,29.940000534057617,29.719999313354492,29.729999542236328,18.033390045166016,5566000.0
2010-03-31 00:00:00+00:00,29.690000534057617,29.81999969482422,29.5,29.65999984741211,17.990930557250977,6036900.0
2010-04-01 00:00:00+00:00,29.799999237060547,30.1200008392334,29.760000228881836,30.06999969482422,18.239627838134766,5285500.0
2010-04-02 00:00:00+00:00,,,,,,
2010-04-05 00:00:00+00:00,30.139999389648438,30.25,30.020000457763672,30.25,18.348800659179688,3550200.0
2010-04-06 00:00:00+00:00,30.010000228881836,30.5,30.010000228881836,30.5,18.500452041625977,4025600.0
2010-04-07 00:00:00+00:00,30.40999984741211,30.440000534057617,30.100000381469727,30.200000762939453,18.318477630615234,5835400.0
2010-04-08 00:00:00+00:00,30.06999969482422,30.139999389648438,29.93000030517578,30.020000457763672,18.20929718017578,4773900.0
2010-04-09 00:00:00+00:00,30.049999237060547,30.239999771118164,29.81999969482422,30.239999771118164,18.342741012573242,6605700.0
2010-04-12 00:00:00+00:00,30.270000457763672,30.399999618530273,30.25,30.31999969482422,18.39126205444336,4633700.0
2010-04-13 00:00:00+00:00,30.31999969482422,30.31999969482422,30.0,30.15999984741211,18.294212341308594,5240600.0
2010-04-14 00:00:00+00:00,30.149999618530273,30.260000228881836,30.040000915527344,30.190000534057617,18.312416076660156,4773200.0
2010-04-15 00:00:00+00:00,30.1299991607666,30.219999313354492,30.020000457763672,30.18000030517578,18.306352615356445,4765700.0
2010-04-16 00:00:00+00:00,30.1200008392334,30.18000030517578,29.760000228881836,29.829999923706055,18.094045639038086,7682600.0
2010-04-19 00:00:00+00:00,29.780000686645508,29.920000076293945,29.68000030517578,29.860000610351562,18.112241744995117,5285500.0
2010-04-20 00:00:00+00:00,30.049999237060547,30.239999771118164,30.0,30.239999771118164,18.342741012573242,3634100.0
2010-04-21 00:00:00+00:00,30.270000457763672,30.31999969482422,30.06999969482422,30.270000457763672,18.360937118530273,5036400.0
2010-04-22 00:00:00+00:00,30.1299991607666,30.40999984741211,30.059999465942383,30.3700008392334,18.421594619750977,2047400.0
2010-04-23 00:00:00+00:00,30.389999389648438,30.6299991607666,30.190000534057617,30.610000610351562,18.56717300415039,4489800.0
2010-04-26 00:00:00+00:00,30.600000381469727,30.709999084472656,30.479999542236328,30.5,18.500452041625977,5645500.0
2010-04-27 00:00:00+00:00,30.3799991607666,30.579999923706055,29.950000762939453,29.979999542236328,18.185035705566406,6357200.0
2010-04-28 00:00:00+00:00,30.100000381469727,30.329999923706055,29.969999313354492,30.290000915527344,18.37307357788086,6939700.0
2010-04-29 00:00:00+00:00,30.3799991607666,30.549999237060547,30.219999313354492,30.31999969482422,18.39126205444336,3279000.0
2010-04-30 00:00:00+00:00,30.350000381469727,30.739999771118164,30.329999923706055,30.440000534057617,18.46405601501465,4991500.0
2010-05-03 00:00:00+00:00,30.559999465942383,30.90999984741211,30.459999084472656,30.829999923706055,18.70062255859375,5653700.0
2010-05-04 00:00:00+00:00,30.649999618530273,30.700000762939453,30.149999618530273,30.299999237060547,18.379133224487305,9340800.0
2010-05-05 00:00:00+00:00,30.059999465942383,30.469999313354492,29.950000762939453,30.09000015258789,18.25176429748535,9189500.0
2010-05-06 00:00:00+00:00,29.989999771118164,30.079999923706055,25.760000228881836,29.260000228881836,17.74830436706543,18174300.0
2010-05-07 00:00:00+00:00,29.010000228881836,29.610000610351562,28.68000030517578,29.100000381469727,17.651256561279297,17669100.0
2010-05-10 00:00:00+00:00,29.780000686645508,30.190000534057617,29.6299991607666,30.0,18.197160720825195,9506100.0
2010-05-11 00:00:00+00:00,29.850000381469727,30.3799991607666,29.719999313354492,30.059999465942383,18.233564376831055,7226100.0
2010-05-12 00:00:00+00:00,30.100000381469727,30.399999618530273,29.969999313354492,30.309999465942383,18.385202407836914,5226900.0
2010-05-13 00:00:00+00:00,30.299999237060547,30.59000015258789,30.139999389648438,30.18000030517578,18.306352615356445,7051300.0
2010-05-14 00:00:00+00:00,30.049999237060547,30.229999542236328,29.780000686645508,29.93000030517578,18.154708862304688,7542700.0
2010-05-17 00:00:00+00:00,30.0,30.100000381469727,29.5,29.959999084472656,18.172897338867188,8477300.0
2010-05-18 00:00:00+00:00,30.100000381469727,30.209999084472656,29.6200008392334,29.670000076293945,17.99699592590332,7786700.0
2010-05-19 00:00:00+00:00,29.549999237060547,29.65999984741211,29.170000076293945,29.3700008392334,17.815025329589844,8552400.0
2010-05-20 00:00:00+00:00,28.920000076293945,29.010000228881836,28.450000762939453,28.489999771118164,17.2812442779541,11223900.0
2010-05-21 00:00:00+00:00,28.06999969482422,28.649999618530273,28.0,28.6200008392334,17.360090255737305,9875400.0
2010-05-24 00:00:00+00:00,28.610000610351562,28.81999969482422,28.34000015258789,28.350000381469727,17.196325302124023,6804200.0
2010-05-25 00:00:00+00:00,27.81999969482422,28.219999313354492,27.440000534057617,28.200000762939453,17.105337142944336,13531300.0
2010-05-26 00:00:00+00:00,28.489999771118164,28.530000686645508,28.049999237060547,28.190000534057617,17.099271774291992,7571300.0
2010-05-27 00:00:00+00:00,28.420000076293945,28.75,28.389999389648438,28.729999542236328,17.426820755004883,5422400.0
2010-05-28 00:00:00+00:00,28.770000457763672,29.020000457763672,28.649999618530273,28.760000228881836,17.44501495361328,7328400.0
2010-05-31 00:00:00+00:00,,,,,,
2010-06-01 00:00:00+00:00,28.600000381469727,28.700000762939453,28.06999969482422,28.09000015258789,17.038610458374023,10813600.0
2010-06-02 00:00:00+00:00,28.239999771118164,28.709999084472656,28.09000015258789,28.68000030517578,17.3964900970459,6127000.0
2010-06-03 00:00:00+00:00,28.729999542236328,29.010000228881836,28.719999313354492,28.979999542236328,17.57845687866211,6986900.0
2010-06-04 00:00:00+00:00,28.649999618530273,28.700000762939453,28.030000686645508,28.1200008392334,17.05681037902832,8889600.0
2010-06-07 00:00:00+00:00,28.34000015258789,28.68000030517578,28.1200008392334,28.290000915527344,17.159929275512695,7605300.0
2010-06-08 00:00:00+00:00,28.25,28.719999313354492,28.170000076293945,28.65999984741211,17.384361267089844,11027000.0
2010-06-09 00:00:00+00:00,28.860000610351562,28.8700008392334,28.420000076293945,28.5,17.28730010986328,6174200.0
2010-06-10 00:00:00+00:00,28.709999084472656,29.25,28.709999084472656,29.200000762939453,17.7119083404541,6190800.0
2010-06-11 00:00:00+00:00,28.93000030517578,29.25,28.8700008392334,29.219999313354492,17.724042892456055,6026100.0
2010-06-14 00:00:00+00:00,29.3799991607666,29.600000381469727,29.329999923706055,29.389999389648438,17.827157974243164,5409000.0
2010-06-15 00:00:00+00:00,29.59000015258789,29.959999084472656,29.540000915527344,29.959999084472656,18.172897338867188,4782600.0
2010-06-16 00:00:00+00:00,29.709999084472656,30.25,29.709999084472656,30.149999618530273,18.28814697265625,6336500.0
2010-06-17 00:00:00+00:00,30.260000228881836,30.389999389648438,29.93000030517578,30.3700008392334,18.421594619750977,7352000.0
2010-06-18 00:00:00+00:00,30.09000015258789,30.149999618530273,29.950000762939453,30.079999923706055,18.438146591186523,4794700.0
2010-06-21 00:00:00+00:00,30.239999771118164,30.34000015258789,29.719999313354492,29.8700008392334,18.309419631958008,6213300.0
2010-06-22 00:00:00+00:00,29.8700008392334,29.8799991607666,29.059999465942383,29.1299991607666,17.85582733154297,10656700.0
2010-06-23 00:00:00+00:00,29.1200008392334,29.139999389648438,28.700000762939453,28.8700008392334,17.696455001831055,12423500.0
2010-06-24 00:00:00+00:00,28.760000228881836,29.1200008392334,28.690000534057617,28.709999084472656,17.598377227783203,7415100.0
2010-06-25 00:00:00+00:00,28.790000915527344,28.959999084472656,28.5,28.84000015258789,17.678064346313477,3897700.0
2010-06-28 00:00:00+00:00,28.93000030517578,29.18000030517578,28.670000076293945,29.030000686645508,17.794525146484375,6470700.0
2010-06-29 00:00:00+00:00,28.760000228881836,28.770000457763672,28.31999969482422,28.440000534057617,17.432876586914062,8740400.0
2010-06-30 00:00:00+00:00,28.34000015258789,28.739999771118164,28.149999618530273,28.260000228881836,17.32254409790039,6475100.0
2010-07-01 00:00:00+00:00,28.209999084472656,28.309999465942383,27.920000076293945,28.1299991607666,17.242856979370117,9989100.0
2010-07-02 00:00:00+00:00,28.18000030517578,28.34000015258789,28.079999923706055,28.15999984741211,17.2612361907959,6037200.0
2010-07-05 00:00:00+00:00,,,,,,
2010-07-06 00:00:00+00:00,28.399999618530273,28.649999618530273,28.229999542236328,28.489999771118164,17.463525772094727,8784300.0
2010-07-07 00:00:00+00:00,28.5,29.40999984741211,28.489999771118164,29.3700008392334,18.00293731689453,7444100.0
2010-07-08 00:00:00+00:00,29.459999084472656,29.639999389648438,29.360000610351562,29.600000381469727,18.143922805786133,6385600.0
2010-07-09 00:00:00+00:00,29.549999237060547,29.84000015258789,29.459999084472656,29.799999237060547,18.266517639160156,7266700.0
2010-07-12 00:00:00+00:00,29.760000228881836,29.93000030517578,29.6299991607666,29.899999618530273,18.32781219482422,4138700.0
2010-07-13 00:00:00+00:00,30.049999237060547,30.190000534057617,29.829999923706055,30.0,18.38910484313965,8834500.0
2010-07-14 00:00:00+00:00,29.829999923706055,30.049999237060547,29.709999084472656,30.010000228881836,18.395240783691406,6321500.0
2010-07-15 00:00:00+00:00,30.0,30.290000915527344,29.809999465942383,30.209999084472656,18.51782989501953,7761900.0
2010-07-16 00:00:00+00:00,30.079999923706055,30.18000030517578,29.65999984741211,29.690000534057617,18.19908905029297,8235200.0
2010-07-19 00:00:00+00:00,29.799999237060547,30.25,29.75,30.149999618530273,18.481050491333008,6944300.0
2010-07-20 00:00:00+00:00,29.690000534057617,30.440000534057617,29.690000534057617,30.420000076293945,18.646554946899414,6744500.0
2010-07-21 00:00:00+00:00,30.399999618530273,30.420000076293945,29.799999237060547,29.950000762939453,18.358461380004883,6616300.0
2010-07-22 00:00:00+00:00,30.200000762939453,30.579999923706055,30.200000762939453,30.43000030517578,18.652687072753906,5530900.0
2010-07-23 00:00:00+00:00,30.450000762939453,30.520000457763672,30.209999084472656,30.479999542236328,18.683334350585938,7138100.0
2010-07-26 00:00:00+00:00,30.450000762939453,30.700000762939453,30.450000762939453,30.700000762939453,18.81818962097168,5059800.0
2010-07-27 00:00:00+00:00,30.81999969482422,31.200000762939453,30.719999313354492,31.149999618530273,19.094022750854492,21684700.0
2010-07-28 00:00:00+00:00,31.139999389648438,31.149999618530273,30.940000534057617,31.0,19.002084732055664,8065500.0
2010-07-29 00:00:00+00:00,31.030000686645508,31.190000534057617,30.40999984741211,30.520000457763672,18.707855224609375,8310200.0
2010-07-30 00:00:00+00:00,30.350000381469727,30.530000686645508,30.170000076293945,30.3700008392334,18.615909576416016,9082500.0
2010-08-02 00:00:00+00:00,30.780000686645508,31.0,30.639999389648438,31.0,19.002084732055664,7625100.0
2010-08-03 00:00:00+00:00,30.899999618530273,31.1200008392334,30.809999465942383,30.850000381469727,18.91013526916504,4243300.0
2010-08-04 00:00:00+00:00,30.90999984741211,30.979999542236328,30.65999984741211,30.979999542236328,18.989816665649414,5124800.0
2010-08-05 00:00:00+00:00,30.739999771118164,30.950000762939453,30.65999984741211,30.93000030517578,18.95917320251465,3665300.0
2010-08-06 00:00:00+00:00,30.780000686645508,31.0,30.549999237060547,30.989999771118164,18.995946884155273,6328500.0
2010-08-09 00:00:00+00:00,31.049999237060547,31.239999771118164,31.030000686645508,31.100000381469727,19.06337547302246,4701100.0
2010-08-10 00:00:00+00:00,31.010000228881836,31.450000762939453,30.809999465942383,31.280000686645508,19.17371368408203,9227700.0
2010-08-11 00:00:00+00:00,30.889999389648438,30.940000534057617,30.639999389648438,30.649999618530273,18.78754425048828,9513000.0
2010-08-12 00:00:00+00:00,30.3799991607666,30.690000534057617,30.309999465942383,30.59000015258789,18.750761032104492,6463900.0
2010-08-13 00:00:00+00:00,30.510000228881836,30.899999618530273,30.479999542236328,30.700000762939453,18.81818962097168,5883500.0
2010-08-16 00:00:00+00:00,30.59000015258789,30.780000686645508,30.329999923706055,30.700000762939453,18.81818962097168,8451500.0
2010-08-17 00:00:00+00:00,31.010000228881836,31.18000030517578,30.780000686645508,31.0,19.002084732055664,6969100.0
2010-08-18 00:00:00+00:00,30.940000534057617,31.049999237060547,30.600000381469727,30.829999923706055,18.897878646850586,20505100.0
2010-08-19 00:00:00+00:00,30.700000762939453,30.760000228881836,30.209999084472656,30.389999389648438,18.62816619873047,10088300.0
2010-08-20 00:00:00+00:00,30.34000015258789,30.530000686645508,30.149999618530273,30.469999313354492,18.677207946777344,8124700.0
2010-08-23 00:00:00+00:00,30.549999237060547,30.90999984741211,30.540000915527344,30.670000076293945,18.799800872802734,5508700.0
2010-08-24 00:00:00+00:00,30.440000534057617,30.93000030517578,30.360000610351562,30.719999313354492,18.830448150634766,13737400.0
2010-08-25 00:00:00+00:00,30.600000381469727,30.770000457763672,30.350000381469727,30.700000762939453,18.81818962097168,10684900.0
2010-08-26 00:00:00+00:00,30.799999237060547,30.799999237060547,30.469999313354492,30.559999465942383,18.73236846923828,6860400.0
2010-08-27 00:00:00+00:00,30.56999969482422,31.149999618530273,30.43000030517578,31.139999389648438,19.08789825439453,9926200.0
2010-08-30 00:00:00+00:00,31.110000610351562,31.139999389648438,30.670000076293945,30.670000076293945,18.799800872802734,8389300.0
2010-08-31 00:00:00+00:00,30.610000610351562,30.940000534057617,30.399999618530273,30.809999465942383,18.885610580444336,8936400.0
2010-09-01 00:00:00+00:00,31.049999237060547,31.530000686645508,30.950000762939453,31.479999542236328,19.296302795410156,8249900.0
2010-09-02 00:00:00+00:00,31.520000457763672,31.559999465942383,31.209999084472656,31.479999542236328,19.296302795410156,6002000.0
2010-09-03 00:00:00+00:00,31.56999969482422,31.639999389648438,31.350000381469727,31.6200008392334,19.382123947143555,5356200.0
2010-09-06 00:00:00+00:00,,,,,,
2010-09-07 00:00:00+00:00,31.559999465942383,31.739999771118164,31.450000762939453,31.459999084472656,19.284046173095703,4922800.0
2010-09-08 00:00:00+00:00,31.540000915527344,31.6200008392334,31.290000915527344,31.309999465942383,19.192096710205078,4888900.0
2010-09-09 00:00:00+00:00,31.520000457763672,31.690000534057617,31.5,31.6200008392334,19.382123947143555,5398200.0
2010-09-10 00:00:00+00:00,31.559999465942383,31.559999465942383,31.31999969482422,31.440000534057617,19.27178955078125,6231700.0
2010-09-13 00:00:00+00:00,31.729999542236328,31.729999542236328,31.5,31.549999237060547,19.339210510253906,4946000.0
2010-09-14 00:00:00+00:00,31.549999237060547,31.639999389648438,31.34000015258789,31.510000228881836,19.314699172973633,5181500.0
2010-09-15 00:00:00+00:00,31.459999084472656,31.479999542236328,31.239999771118164,31.329999923706055,19.204360961914062,5879900.0
2010-09-16 00:00:00+00:00,31.280000686645508,31.34000015258789,31.09000015258789,31.219999313354492,19.136924743652344,5321700.0
2010-09-17 00:00:00+00:00,31.059999465942383,31.09000015258789,30.760000228881836,30.850000381469727,19.10411262512207,9963900.0
2010-09-20 00:00:00+00:00,30.979999542236328,31.290000915527344,30.850000381469727,31.260000228881836,19.35800552368164,5753100.0
2010-09-21 00:00:00+00:00,31.290000915527344,31.329999923706055,31.030000686645508,31.100000381469727,19.258928298950195,7368600.0
2010-09-22 00:00:00+00:00,31.079999923706055,31.440000534057617,31.079999923706055,31.31999969482422,19.395164489746094,8011800.0
2010-09-23 00:00:00+00:00,31.149999618530273,31.31999969482422,30.93000030517578,30.959999084472656,19.172231674194336,6829400.0
2010-09-24 00:00:00+00:00,31.299999237060547,31.549999237060547,31.260000228881836,31.459999084472656,19.481857299804688,4972600.0
2010-09-27 00:00:00+00:00,31.510000228881836,31.68000030517578,31.420000076293945,31.520000457763672,19.519012451171875,9402800.0
2010-09-28 00:00:00+00:00,31.559999465942383,31.68000030517578,31.309999465942383,31.540000915527344,19.53140640258789,5149500.0
2010-09-29 00:00:00+00:00,31.510000228881836,31.600000381469727,31.270000457763672,31.479999542236328,19.494243621826172,4921900.0
2010-09-30 00:00:00+00:00,31.649999618530273,31.709999084472656,31.309999465942383,31.3799991607666,19.43231773376465,11023200.0
2010-10-01 00:00:00+00:00,31.40999984741211,31.649999618530273,31.34000015258789,31.549999237060547,19.537595748901367,6426800.0
2010-10-04 00:00:00+00:00,31.59000015258789,31.75,31.329999923706055,31.489999771118164,19.50043487548828,4682500.0
2010-10-05 00:00:00+00:00,31.700000762939453,31.8700008392334,31.639999389648438,31.84000015258789,19.71717643737793,4526200.0
2010-10-06 00:00:00+00:00,31.84000015258789,31.860000610351562,31.56999969482422,31.690000534057617,19.624282836914062,4605700.0
2010-10-07 00:00:00+00:00,31.799999237060547,31.889999389648438,31.6299991607666,31.75,19.66143798828125,3699500.0
2010-10-08 00:00:00+00:00,31.799999237060547,31.8799991607666,31.649999618530273,31.850000381469727,19.723371505737305,3841200.0
2010-10-11 00:00:00+00:00,31.899999618530273,31.969999313354492,31.760000228881836,31.860000610351562,19.729564666748047,3736100.0
2010-10-12 00:00:00+00:00,31.940000534057617,31.940000534057617,31.579999923706055,31.729999542236328,19.649059295654297,4023400.0
2010-10-13 00:00:00+00:00,31.989999771118164,31.989999771118164,31.729999542236328,31.850000381469727,19.723371505737305,4084100.0
2010-10-14 00:00:00+00:00,31.860000610351562,31.969999313354492,31.65999984741211,31.799999237060547,19.69240379333496,4141600.0
2010-10-15 00:00:00+00:00,31.989999771118164,32.0,31.729999542236328,31.899999618530273,19.754331588745117,5788100.0
2010-10-18 00:00:00+00:00,31.969999313354492,32.27000045776367,31.899999618530273,31.899999618530273,19.754331588745117,4443300.0
2010-10-19 00:00:00+00:00,31.979999542236328,32.209999084472656,31.850000381469727,31.959999084472656,19.791488647460938,8429700.0
2010-10-20 00:00:00+00:00,32.04999923706055,32.400001525878906,32.040000915527344,32.220001220703125,19.95250129699707,3928000.0
2010-10-21 00:00:00+00:00,32.29999923706055,32.38999938964844,31.899999618530273,32.08000183105469,19.865798950195312,5888200.0
2010-10-22 00:00:00+00:00,32.099998474121094,32.130001068115234,31.75,31.8700008392334,19.73575210571289,4291900.0
2010-10-25 00:00:00+00:00,32.08000183105469,32.08000183105469,31.729999542236328,31.799999237060547,19.69240379333496,5277400.0
2010-10-26 00:00:00+00:00,31.709999084472656,31.770000457763672,31.56999969482422,31.719999313354492,19.642873764038086,3889700.0
2010-10-27 00:00:00+00:00,31.559999465942383,31.610000610351562,31.25,31.59000015258789,19.562360763549805,6003800.0
2010-10-28 00:00:00+00:00,31.729999542236328,31.780000686645508,31.520000457763672,31.670000076293945,19.611907958984375,5376300.0
2010-10-29 00:00:00+00:00,31.559999465942383,31.780000686645508,31.469999313354492,31.719999313354492,19.642873764038086,4173400.0
2010-11-01 00:00:00+00:00,31.84000015258789,31.959999084472656,31.260000228881836,31.40999984741211,19.450899124145508,7347200.0
2010-11-02 00:00:00+00:00,31.6200008392334,31.860000610351562,31.6200008392334,31.780000686645508,19.680023193359375,4136100.0
2010-11-03 00:00:00+00:00,31.8799991607666,31.920000076293945,31.5,31.719999313354492,19.642873764038086,8632500.0
2010-11-04 00:00:00+00:00,32.11000061035156,32.11000061035156,31.90999984741211,32.060001373291016,19.853416442871094,8827600.0
2010-11-05 00:00:00+00:00,32.02000045776367,32.099998474121094,31.920000076293945,32.04999923706055,19.84722328186035,5357400.0
2010-11-08 00:00:00+00:00,32.0099983215332,32.0099983215332,31.75,31.8700008392334,19.73575210571289,3778500.0
2010-11-09 00:00:00+00:00,31.93000030517578,32.029998779296875,31.65999984741211,31.760000228881836,19.667634963989258,9394600.0
2010-11-10 00:00:00+00:00,31.719999313354492,31.799999237060547,31.399999618530273,31.6200008392334,19.580942153930664,7734900.0
2010-11-11 00:00:00+00:00,31.540000915527344,31.610000610351562,31.469999313354492,31.600000381469727,19.568559646606445,4907600.0
2010-11-12 00:00:00+00:00,31.5,31.5,31.209999084472656,31.34000015258789,19.407556533813477,7301000.0
2010-11-15 00:00:00+00:00,31.450000762939453,31.6299991607666,31.43000030517578,31.450000762939453,19.475671768188477,3616400.0
2010-11-16 00:00:00+00:00,31.34000015258789,31.3799991607666,30.899999618530273,31.079999923706055,19.24654769897461,9245900.0
2010-11-17 00:00:00+00:00,31.1200008392334,31.190000534057617,30.989999771118164,31.06999969482422,19.24034881591797,5402800.0
2010-11-18 00:00:00+00:00,31.309999465942383,31.329999923706055,31.100000381469727,31.25,19.351816177368164,4427400.0
2010-11-19 00:00:00+00:00,31.15999984741211,31.270000457763672,30.90999984741211,31.1299991607666,19.277503967285156,4370500.0
2010-11-22 00:00:00+00:00,31.09000015258789,31.270000457763672,30.90999984741211,31.219999313354492,19.333236694335938,4286300.0
2010-11-23 00:00:00+00:00,31.0,31.0,30.770000457763672,30.8799991607666,19.1226863861084,6308000.0
2010-11-24 00:00:00+00:00,31.059999465942383,31.09000015258789,30.940000534057617,31.06999969482422,19.24034881591797,3307800.0
2010-11-25 00:00:00+00:00,,,,,,
2010-11-26 00:00:00+00:00,30.899999618530273,31.110000610351562,30.799999237060547,30.860000610351562,19.110307693481445,1970700.0
2010-11-29 00:00:00+00:00,30.770000457763672,30.850000381469727,30.510000228881836,30.799999237060547,19.07314682006836,6141000.0
2010-11-30 00:00:00+00:00,30.540000915527344,30.889999389648438,30.540000915527344,30.760000228881836,19.048383712768555,5634600.0
2010-12-01 00:00:00+00:00,31.100000381469727,31.15999984741211,30.920000076293945,31.1200008392334,19.27130699157715,5782500.0
2010-12-02 00:00:00+00:00,31.079999923706055,31.209999084472656,30.969999313354492,31.209999084472656,19.327041625976562,9446200.0
2010-12-03 00:00:00+00:00,31.100000381469727,31.309999465942383,31.020000457763672,31.280000686645508,19.37039566040039,5911400.0
2010-12-06 00:00:00+00:00,31.270000457763672,31.309999465942383,31.149999618530273,31.190000534057617,19.314661026000977,4160400.0
2010-12-07 00:00:00+00:00,31.350000381469727,31.420000076293945,30.950000762939453,30.979999542236328,19.184614181518555,9992400.0
2010-12-08 00:00:00+00:00,31.049999237060547,31.110000610351562,30.799999237060547,30.8700008392334,19.116500854492188,8467100.0
2010-12-09 00:00:00+00:00,31.020000457763672,31.040000915527344,30.84000015258789,31.0,19.197002410888672,6411300.0
2010-12-10 00:00:00+00:00,31.059999465942383,31.170000076293945,31.040000915527344,31.1200008392334,19.27130699157715,4496800.0
2010-12-13 00:00:00+00:00,31.18000030517578,31.350000381469727,31.149999618530273,31.270000457763672,19.36420249938965,6372800.0
2010-12-14 00:00:00+00:00,31.360000610351562,31.469999313354492,31.280000686645508,31.350000381469727,19.413740158081055,5067000.0
2010-12-15 00:00:00+00:00,31.290000915527344,31.389999389648438,31.06999969482422,31.079999923706055,19.24654769897461,10642900.0
2010-12-16 00:00:00+00:00,31.110000610351562,31.3700008392334,30.959999084472656,31.360000610351562,19.41993522644043,5598800.0
2010-12-17 00:00:00+00:00,30.969999313354492,31.149999618530273,30.81999969482422,31.149999618530273,19.52082633972168,6159100.0
2010-12-20 00:00:00+00:00,31.219999313354492,31.280000686645508,31.06999969482422,31.190000534057617,19.5458984375,4995700.0
2010-12-21 00:00:00+00:00,31.219999313354492,31.309999465942383,31.15999984741211,31.200000762939453,19.55215835571289,3207500.0
2010-12-22 00:00:00+00:00,31.200000762939453,31.420000076293945,31.200000762939453,31.34000015258789,19.639902114868164,3389300.0
2010-12-23 00:00:00+00:00,31.3799991607666,31.459999084472656,31.299999237060547,31.360000610351562,19.652429580688477,2873200.0
2010-12-24 00:00:00+00:00,,,,,,
2010-12-27 00:00:00+00:00,31.360000610351562,31.5,31.239999771118164,31.3799991607666,19.664962768554688,2141600.0
2010-12-28 00:00:00+00:00,31.420000076293945,31.489999771118164,31.280000686645508,31.489999771118164,19.7338924407959,1179100.0
2010-12-29 00:00:00+00:00,31.540000915527344,31.540000915527344,31.31999969482422,31.3799991607666,19.664962768554688,1854700.0
2010-12-30 00:00:00+00:00,31.34000015258789,31.469999313354492,31.290000915527344,31.329999923706055,19.633625030517578,2475700.0
2010-12-31 00:00:00+00:00,31.329999923706055,31.459999084472656,31.290000915527344,31.34000015258789,19.639902114868164,2171300.0
2011-01-03 00:00:00+00:00,31.469999313354492,31.56999969482422,31.329999923706055,31.489999771118164,19.7338924407959,3536400.0
2011-01-04 00:00:00+00:00,31.489999771118164,31.709999084472656,31.299999237060547,31.639999389648438,19.827898025512695,4981500.0
2011-01-05 00:00:00+00:00,31.540000915527344,31.56999969482422,31.399999618530273,31.440000534057617,19.702566146850586,4595600.0
2011-01-06 00:00:00+00:00,31.469999313354492,31.5,31.239999771118164,31.469999313354492,19.721359252929688,5707100.0
2011-01-07 00:00:00+00:00,31.520000457763672,31.600000381469727,31.290000915527344,31.579999923706055,19.790294647216797,5092000.0
2011-01-10 00:00:00+00:00,31.5,31.5,31.229999542236328,31.40999984741211,19.683761596679688,6355600.0
2011-01-11 00:00:00+00:00,31.530000686645508,31.59000015258789,31.360000610351562,31.459999084472656,19.715097427368164,3186700.0
2011-01-12 00:00:00+00:00,31.540000915527344,31.770000457763672,31.540000915527344,31.6200008392334,19.81536293029785,4189600.0
2011-01-13 00:00:00+00:00,31.639999389648438,31.670000076293945,31.450000762939453,31.59000015258789,19.79655647277832,6799800.0
2011-01-14 00:00:00+00:00,31.549999237060547,31.760000228881836,31.489999771118164,31.739999771118164,19.890562057495117,5501100.0
2011-01-17 00:00:00+00:00,,,,,,
2011-01-18 00:00:00+00:00,31.739999771118164,31.850000381469727,31.68000030517578,31.81999969482422,19.940696716308594,3594700.0
2011-01-19 00:00:00+00:00,31.84000015258789,31.889999389648438,31.690000534057617,31.739999771118164,19.890562057495117,4821900.0
2011-01-20 00:00:00+00:00,31.780000686645508,32.06999969482422,31.75,31.979999542236328,20.04096221923828,8609300.0
2011-01-21 00:00:00+00:00,32.18000030517578,32.18000030517578,31.8799991607666,31.950000762939453,20.02216339111328,7605000.0
2011-01-24 00:00:00+00:00,32.02000045776367,32.209999084472656,31.950000762939453,32.130001068115234,20.13496971130371,3661000.0
2011-01-25 00:00:00+00:00,32.06999969482422,32.20000076293945,31.940000534057617,32.08000183105469,20.103628158569336,8516900.0
2011-01-26 00:00:00+00:00,32.119998931884766,32.119998931884766,31.8700008392334,31.959999084472656,20.028430938720703,5554600.0
2011-01-27 00:00:00+00:00,31.8700008392334,32.15999984741211,31.8700008392334,32.08000183105469,20.103628158569336,3504400.0
2011-01-28 00:00:00+00:00,32.099998474121094,32.150001525878906,31.639999389648438,31.649999618530273,19.83416175842285,5662400.0
2011-01-31 00:00:00+00:00,31.799999237060547,31.84000015258789,31.649999618530273,31.719999313354492,19.87803077697754,4012900.0
2011-02-01 00:00:00+00:00,31.889999389648438,32.04999923706055,31.760000228881836,32.040000915527344,20.078569412231445,5293900.0
2011-02-02 00:00:00+00:00,31.950000762939453,32.0099983215332,31.84000015258789,31.8700008392334,19.972026824951172,3145000.0
2011-02-03 00:00:00+00:00,31.84000015258789,32.040000915527344,31.709999084472656,32.0,20.053497314453125,7417800.0
2011-02-04 00:00:00+00:00,31.959999084472656,32.02000045776367,31.600000381469727,31.799999237060547,19.928163528442383,4927200.0
2011-02-07 00:00:00+00:00,31.790000915527344,32.029998779296875,31.770000457763672,32.0099983215332,20.059768676757812,3722200.0
2011-02-08 00:00:00+00:00,32.040000915527344,32.04999923706055,31.90999984741211,32.0,20.053497314453125,3741200.0
2011-02-09 00:00:00+00:00,31.959999084472656,32.040000915527344,31.829999923706055,32.0,20.053497314453125,4290200.0
2011-02-10 00:00:00+00:00,31.969999313354492,32.09000015258789,31.950000762939453,32.060001373291016,20.09109878540039,4245900.0
2011-02-11 00:00:00+00:00,32.0,32.18000030517578,31.940000534057617,32.0,20.053497314453125,9252800.0
2011-02-14 00:00:00+00:00,31.979999542236328,32.02000045776367,31.649999618530273,31.770000457763672,19.90937042236328,4134400.0
2011-02-15 00:00:00+00:00,31.770000457763672,31.920000076293945,31.649999618530273,31.8700008392334,19.972026824951172,3225600.0
2011-02-16 00:00:00+00:00,31.920000076293945,31.959999084472656,31.6299991607666,31.799999237060547,19.928163528442383,5413000.0
2011-02-17 00:00:00+00:00,31.8700008392334,31.959999084472656,31.780000686645508,31.860000610351562,19.96576690673828,8173700.0
2011-02-18 00:00:00+00:00,31.8799991607666,31.959999084472656,31.799999237060547,31.90999984741211,19.997102737426758,2978300.0
2011-02-21 00:00:00+00:00,,,,,,
2011-02-22 00:00:00+00:00,31.690000534057617,31.8799991607666,31.6299991607666,31.770000457763672,19.90937042236328,6011900.0
2011-02-23 00:00:00+00:00,31.729999542236328,31.889999389648438,31.670000076293945,31.700000762939453,19.865497589111328,5414400.0
2011-02-24 00:00:00+00:00,31.6299991607666,31.770000457763672,31.489999771118164,31.579999923706055,19.790294647216797,7087400.0
2011-02-25 00:00:00+00:00,31.639999389648438,31.780000686645508,31.559999465942383,31.760000228881836,19.903099060058594,3946800.0
2011-02-28 00:00:00+00:00,31.860000610351562,32.22999954223633,31.799999237060547,32.11000061035156,20.1224308013916,12299600.0
2011-03-01 00:00:00+00:00,32.0,32.2400016784668,31.780000686645508,31.790000915527344,19.921899795532227,12154700.0
2011-03-02 00:00:00+00:00,31.799999237060547,31.93000030517578,31.719999313354492,31.84000015258789,19.953229904174805,5759800.0
2011-03-03 00:00:00+00:00,31.989999771118164,32.2599983215332,31.989999771118164,32.20000076293945,20.178829193115234,5779600.0
2011-03-04 00:00:00+00:00,32.16999816894531,32.22999954223633,31.770000457763672,32.0099983215332,20.059768676757812,7324700.0
2011-03-07 00:00:00+00:00,32.13999938964844,32.380001068115234,32.04999923706055,32.130001068115234,20.13496971130371,10796800.0
2011-03-08 00:00:00+00:00,32.2400016784668,32.560001373291016,32.130001068115234,32.4900016784668,20.360567092895508,6719800.0
2011-03-09 00:00:00+00:00,32.5,32.88999938964844,32.45000076293945,32.81999969482422,20.567367553710938,13098900.0
2011-03-10 00:00:00+00:00,32.70000076293945,32.709999084472656,32.43000030517578,32.45000076293945,20.33550453186035,10841200.0
2011-03-11 00:00:00+00:00,32.400001525878906,32.63999938964844,32.34000015258789,32.52000045776367,20.379371643066406,5020700.0
2011-03-14 00:00:00+00:00,32.15999984741211,32.20000076293945,31.8700008392334,32.09000015258789,20.109899520874023,18960600.0
2011-03-15 00:00:00+00:00,31.5,31.649999618530273,31.3700008392334,31.479999542236328,19.727628707885742,14233900.0
2011-03-16 00:00:00+00:00,31.43000030517578,31.510000228881836,30.739999771118164,30.989999771118164,19.420560836791992,15299800.0
2011-03-17 00:00:00+00:00,31.280000686645508,31.299999237060547,30.790000915527344,31.030000686645508,19.44563102722168,12011600.0
2011-03-18 00:00:00+00:00,31.06999969482422,31.149999618530273,30.75,30.8799991607666,19.542451858520508,9093300.0
2011-03-21 00:00:00+00:00,31.209999084472656,31.34000015258789,31.09000015258789,31.239999771118164,19.770280838012695,5086200.0
2011-03-22 00:00:00+00:00,31.290000915527344,31.440000534057617,31.15999984741211,31.290000915527344,19.801923751831055,7267600.0
2011-03-23 00:00:00+00:00,31.260000228881836,31.34000015258789,31.079999923706055,31.270000457763672,19.789268493652344,5621200.0
2011-03-24 00:00:00+00:00,31.479999542236328,31.479999542236328,31.190000534057617,31.399999618530273,19.871536254882812,6195400.0
2011-03-25 00:00:00+00:00,31.399999618530273,31.530000686645508,31.360000610351562,31.389999389648438,19.865205764770508,3395200.0
2011-03-28 00:00:00+00:00,31.40999984741211,31.579999923706055,31.280000686645508,31.280000686645508,19.795595169067383,4587900.0
2011-03-29 00:00:00+00:00,31.299999237060547,31.6200008392334,31.209999084472656,31.59000015258789,19.991775512695312,5437600.0
2011-03-30 00:00:00+00:00,31.75,32.06999969482422,31.670000076293945,31.950000762939453,20.219606399536133,5597400.0
2011-03-31 00:00:00+00:00,31.940000534057617,31.969999313354492,31.799999237060547,31.8700008392334,20.168968200683594,5494800.0
2011-04-01 00:00:00+00:00,32.09000015258789,32.150001525878906,31.950000762939453,32.119998931884766,20.327190399169922,6166400.0
2011-04-04 00:00:00+00:00,32.20000076293945,32.20000076293945,31.989999771118164,32.099998474121094,20.314533233642578,3972300.0
2011-04-05 00:00:00+00:00,32.09000015258789,32.119998931884766,31.950000762939453,31.969999313354492,20.232263565063477,4020500.0
2011-04-06 00:00:00+00:00,32.119998931884766,32.2599983215332,32.02000045776367,32.20000076293945,20.3778133392334,3766200.0
2011-04-07 00:00:00+00:00,32.150001525878906,32.20000076293945,31.950000762939453,32.06999969482422,20.295549392700195,5337000.0
2011-04-08 00:00:00+00:00,32.220001220703125,32.2400016784668,31.84000015258789,31.979999542236328,20.238590240478516,5951600.0
2011-04-11 00:00:00+00:00,31.920000076293945,31.979999542236328,31.489999771118164,31.559999465942383,19.972793579101562,9345100.0
2011-04-12 00:00:00+00:00,31.479999542236328,31.6299991607666,31.350000381469727,31.479999542236328,19.922163009643555,8529700.0
2011-04-13 00:00:00+00:00,31.600000381469727,31.81999969482422,31.559999465942383,31.559999465942383,19.972793579101562,5294500.0
2011-04-14 00:00:00+00:00,31.420000076293945,31.81999969482422,31.399999618530273,31.75,20.09303855895996,5779500.0
2011-04-15 00:00:00+00:00,31.84000015258789,32.20000076293945,31.799999237060547,32.099998474121094,20.314533233642578,7151700.0
2011-04-18 00:00:00+00:00,31.90999984741211,32.0099983215332,31.6299991607666,31.81999969482422,20.137332916259766,7145400.0
2011-04-19 00:00:00+00:00,31.8799991607666,31.889999389648438,31.729999542236328,31.829999923706055,20.143657684326172,5657100.0
2011-04-20 00:00:00+00:00,32.09000015258789,32.27000045776367,32.040000915527344,32.2400016784668,20.40312385559082,5863000.0
2011-04-21 00:00:00+00:00,32.22999954223633,32.27000045776367,32.119998931884766,32.2400016784668,20.40312385559082,4045400.0
2011-04-22 00:00:00+00:00,,,,,,
2011-04-25 00:00:00+00:00,32.27000045776367,32.34000015258789,32.16999816894531,32.279998779296875,20.428443908691406,2505300.0
2011-04-26 00:00:00+00:00,32.29999923706055,32.58000183105469,32.29999923706055,32.540000915527344,20.592988967895508,5300000.0
2011-04-27 00:00:00+00:00,32.63999938964844,32.86000061035156,32.560001373291016,32.79999923706055,20.75752830505371,6107300.0
2011-04-28 00:00:00+00:00,32.779998779296875,33.119998931884766,32.7599983215332,33.09000015258789,20.941055297851562,6759400.0
2011-04-29 00:00:00+00:00,33.060001373291016,33.18000030517578,32.959999084472656,33.15999984741211,20.9853515625,8726200.0
2011-05-02 00:00:00+00:00,33.220001220703125,33.31999969482422,33.119998931884766,33.16999816894531,20.991687774658203,5549800.0
2011-05-03 00:00:00+00:00,33.18000030517578,33.61000061035156,33.060001373291016,33.380001068115234,21.12458038330078,16419900.0
2011-05-04 00:00:00+00:00,33.380001068115234,33.43000030517578,33.130001068115234,33.34000015258789,21.099267959594727,8643200.0
2011-05-05 00:00:00+00:00,33.29999923706055,33.31999969482422,32.959999084472656,33.099998474121094,20.947376251220703,5700000.0
2011-05-06 00:00:00+00:00,33.43000030517578,33.540000915527344,33.15999984741211,33.290000915527344,21.067625045776367,5737500.0
2011-05-09 00:00:00+00:00,33.25,33.38999938964844,33.11000061035156,33.36000061035156,21.11192512512207,3917300.0
2011-05-10 00:00:00+00:00,33.5099983215332,33.91999816894531,33.45000076293945,33.84000015258789,21.415695190429688,8552400.0
2011-05-11 00:00:00+00:00,33.84000015258789,33.84000015258789,33.54999923706055,33.72999954223633,21.346088409423828,4097900.0
2011-05-12 00:00:00+00:00,33.72999954223633,34.099998474121094,33.66999816894531,34.06999969482422,21.56124496459961,5876300.0
2011-05-13 00:00:00+00:00,34.150001525878906,34.16999816894531,33.72999954223633,33.90999984741211,21.459991455078125,6910100.0
2011-05-16 00:00:00+00:00,33.9900016784668,34.25,33.880001068115234,33.95000076293945,21.485300064086914,8107700.0
2011-05-17 00:00:00+00:00,33.86000061035156,34.209999084472656,33.86000061035156,34.20000076293945,21.643522262573242,8552200.0
2011-05-18 00:00:00+00:00,34.18000030517578,34.22999954223633,33.900001525878906,34.09000015258789,21.57390594482422,5449700.0
2011-05-19 00:00:00+00:00,34.099998474121094,34.2400016784668,34.0099983215332,34.16999816894531,21.624534606933594,3193800.0
2011-05-20 00:00:00+00:00,34.13999938964844,34.29999923706055,33.97999954223633,34.130001068115234,21.599220275878906,4472800.0
2011-05-23 00:00:00+00:00,33.81999969482422,34.09000015258789,33.720001220703125,33.72999954223633,21.346088409423828,6000000.0
2011-05-24 00:00:00+00:00,33.7400016784668,33.880001068115234,33.66999816894531,33.70000076293945,21.327098846435547,4458600.0
2011-05-25 00:00:00+00:00,33.619998931884766,33.790000915527344,33.349998474121094,33.630001068115234,21.282793045043945,6245500.0
2011-05-26 00:00:00+00:00,33.54999923706055,33.66999816894531,33.36000061035156,33.619998931884766,21.276460647583008,3799300.0
2011-05-27 00:00:00+00:00,33.68000030517578,33.810001373291016,33.560001373291016,33.619998931884766,21.276460647583008,4500900.0
2011-05-30 00:00:00+00:00,,,,,,
2011-05-31 00:00:00+00:00,33.90999984741211,33.93000030517578,33.66999816894531,33.869998931884766,21.4346866607666,6378700.0
2011-06-01 00:00:00+00:00,33.84000015258789,33.86000061035156,33.5099983215332,33.52000045776367,21.213184356689453,7165800.0
2011-06-02 00:00:00+00:00,33.4900016784668,33.5,33.189998626708984,33.41999816894531,21.149890899658203,6202300.0
2011-06-03 00:00:00+00:00,33.11000061035156,33.380001068115234,32.97999954223633,33.189998626708984,21.00433921813965,6092900.0
2011-06-06 00:00:00+00:00,33.130001068115234,33.189998626708984,32.939998626708984,33.040000915527344,20.909412384033203,5297500.0
2011-06-07 00:00:00+00:00,33.16999816894531,33.38999938964844,33.06999969482422,33.08000183105469,20.93473243713379,10129900.0
2011-06-08 00:00:00+00:00,33.130001068115234,33.25,33.0099983215332,33.15999984741211,20.9853515625,8009700.0
2011-06-09 00:00:00+00:00,33.220001220703125,33.33000183105469,33.029998779296875,33.189998626708984,21.00433921813965,5690100.0
2011-06-10 00:00:00+00:00,33.09000015258789,33.18000030517578,32.970001220703125,32.970001220703125,20.865114212036133,8337700.0
2011-06-13 00:00:00+00:00,33.08000183105469,33.2400016784668,32.939998626708984,33.119998931884766,20.960037231445312,5189700.0
2011-06-14 00:00:00+00:00,33.400001525878906,33.400001525878906,33.040000915527344,33.25,21.04231071472168,7117000.0
2011-06-15 00:00:00+00:00,33.09000015258789,33.290000915527344,32.75,32.84000015258789,20.7828369140625,7658200.0
2011-06-16 00:00:00+00:00,32.91999816894531,33.22999954223633,32.88999938964844,33.099998474121094,20.947376251220703,8250900.0
2011-06-17 00:00:00+00:00,33.11000061035156,33.16999816894531,32.90999984741211,32.9900016784668,21.090587615966797,7628200.0
2011-06-20 00:00:00+00:00,32.90999984741211,33.189998626708984,32.77000045776367,33.18000030517578,21.212060928344727,4195100.0
2011-06-21 00:00:00+00:00,33.310001373291016,33.36000061035156,33.09000015258789,33.20000076293945,21.22484016418457,5121200.0
2011-06-22 00:00:00+00:00,33.13999938964844,33.189998626708984,32.93000030517578,32.97999954223633,21.084199905395508,5110000.0
2011-06-23 00:00:00+00:00,32.7599983215332,32.790000915527344,32.43000030517578,32.70000076293945,20.905193328857422,9553000.0
2011-06-24 00:00:00+00:00,32.779998779296875,33.060001373291016,32.7599983215332,32.79999923706055,20.96912384033203,5191000.0
2011-06-27 00:00:00+00:00,32.83000183105469,33.099998474121094,32.83000183105469,33.040000915527344,21.122554779052734,3643800.0
2011-06-28 00:00:00+00:00,33.04999923706055,33.27000045776367,33.02000045776367,33.189998626708984,21.218442916870117,5749500.0
2011-06-29 00:00:00+00:00,33.29999923706055,33.41999816894531,33.18000030517578,33.40999984741211,21.359092712402344,5926900.0
2011-06-30 00:00:00+00:00,33.4900016784668,33.5099983215332,33.220001220703125,33.47999954223633,21.40384864807129,4463000.0
2011-07-01 00:00:00+00:00,33.47999954223633,33.93000030517578,33.439998626708984,33.880001068115234,21.659570693969727,9083900.0
2011-07-04 00:00:00+00:00,,,,,,
2011-07-05 00:00:00+00:00,33.869998931884766,33.900001525878906,33.630001068115234,33.68000030517578,21.53170394897461,5956600.0
2011-07-06 00:00:00+00:00,33.650001525878906,33.849998474121094,33.529998779296875,33.75,21.576457977294922,4042700.0
2011-07-07 00:00:00+00:00,33.97999954223633,33.9900016784668,33.720001220703125,33.88999938964844,21.665958404541016,7832300.0
2011-07-08 00:00:00+00:00,33.709999084472656,33.79999923706055,33.560001373291016,33.7599983215332,21.582843780517578,5926900.0
2011-07-11 00:00:00+00:00,33.529998779296875,33.540000915527344,33.25,33.400001525878906,21.352703094482422,7473900.0
2011-07-12 00:00:00+00:00,33.33000183105469,33.75,33.2599983215332,33.54999923706055,21.448596954345703,6081400.0
2011-07-13 00:00:00+00:00,33.68000030517578,33.75,33.400001525878906,33.459999084472656,21.39106559753418,4458400.0
2011-07-14 00:00:00+00:00,33.47999954223633,33.619998931884766,33.27000045776367,33.310001373291016,21.295162200927734,7400100.0
2011-07-15 00:00:00+00:00,33.34000015258789,33.459999084472656,33.18000030517578,33.36000061035156,21.327133178710938,6034400.0
2011-07-18 00:00:00+00:00,33.290000915527344,33.33000183105469,32.970001220703125,33.040000915527344,21.122554779052734,6536700.0
2011-07-19 00:00:00+00:00,33.13999938964844,33.380001068115234,32.88999938964844,33.33000183105469,21.307947158813477,8017200.0
2011-07-20 00:00:00+00:00,33.349998474121094,33.650001525878906,33.2599983215332,33.529998779296875,21.43581771850586,3627600.0
2011-07-21 00:00:00+00:00,33.650001525878906,34.09000015258789,33.650001525878906,34.029998779296875,21.755462646484375,7551100.0
2011-07-22 00:00:00+00:00,34.11000061035156,34.11000061035156,33.77000045776367,33.81999969482422,21.621213912963867,4430400.0
2011-07-25 00:00:00+00:00,33.59000015258789,34.060001373291016,33.59000015258789,33.939998626708984,21.69792366027832,4885500.0
2011-07-26 00:00:00+00:00,33.9900016784668,33.9900016784668,33.7400016784668,33.81999969482422,21.621213912963867,4823100.0
2011-07-27 00:00:00+00:00,33.7599983215332,33.900001525878906,33.650001525878906,33.720001220703125,21.557279586791992,13818500.0
2011-07-28 00:00:00+00:00,33.709999084472656,33.72999954223633,33.470001220703125,33.5099983215332,21.423023223876953,5639100.0
2011-07-29 00:00:00+00:00,33.220001220703125,33.459999084472656,33.08000183105469,33.16999816894531,21.205665588378906,10200600.0
2011-08-01 00:00:00+00:00,33.47999954223633,33.5099983215332,33.029998779296875,33.27000045776367,21.269590377807617,7551600.0
2011-08-02 00:00:00+00:00,33.130001068115234,33.209999084472656,32.70000076293945,32.70000076293945,20.905193328857422,9369300.0
2011-08-03 00:00:00+00:00,32.7400016784668,32.7599983215332,32.279998779296875,32.70000076293945,20.905193328857422,12982500.0
2011-08-04 00:00:00+00:00,32.41999816894531,32.599998474121094,31.6299991607666,31.6299991607666,20.221132278442383,17028100.0
2011-08-05 00:00:00+00:00,31.899999618530273,32.15999984741211,31.299999237060547,31.889999389648438,20.387351989746094,21967400.0
2011-08-08 00:00:00+00:00,31.440000534057617,31.719999313354492,30.079999923706055,30.200000762939453,19.30694007873535,17828000.0
2011-08-09 00:00:00+00:00,30.799999237060547,31.25,29.450000762939453,31.190000534057617,19.93984031677246,24730400.0
2011-08-10 00:00:00+00:00,30.799999237060547,31.399999618530273,30.479999542236328,30.600000381469727,19.562654495239258,16835700.0
2011-08-11 00:00:00+00:00,30.690000534057617,32.209999084472656,30.690000534057617,31.889999389648438,20.387351989746094,17466500.0
2011-08-12 00:00:00+00:00,32.11000061035156,32.27000045776367,31.549999237060547,31.700000762939453,20.265888214111328,9703800.0
2011-08-15 00:00:00+00:00,31.969999313354492,32.849998474121094,31.90999984741211,32.779998779296875,20.956335067749023,27835500.0
2011-08-16 00:00:00+00:00,32.529998779296875,32.84000015258789,32.36000061035156,32.7400016784668,20.930761337280273,11301900.0
2011-08-17 00:00:00+00:00,32.91999816894531,33.290000915527344,32.86000061035156,32.97999954223633,21.084199905395508,13993600.0
2011-08-18 00:00:00+00:00,32.4900016784668,32.689998626708984,32.09000015258789,32.59000015258789,20.834871292114258,22506900.0
2011-08-19 00:00:00+00:00,32.31999969482422,32.66999816894531,32.18000030517578,32.38999938964844,20.70700454711914,15167300.0
2011-08-22 00:00:00+00:00,32.880001068115234,32.880001068115234,32.130001068115234,32.310001373291016,20.65586280822754,19818300.0
2011-08-23 00:00:00+00:00,32.529998779296875,32.900001525878906,32.11000061035156,32.88999938964844,21.02666473388672,15727500.0
2011-08-24 00:00:00+00:00,32.83000183105469,33.599998474121094,32.81999969482422,33.599998474121094,21.480560302734375,14302400.0
2011-08-25 00:00:00+00:00,33.709999084472656,33.709999084472656,32.88999938964844,33.04999923706055,21.128944396972656,14284900.0
2011-08-26 00:00:00+00:00,32.90999984741211,33.18000030517578,32.2400016784668,33.0,21.096981048583984,12521900.0
2011-08-29 00:00:00+00:00,33.34000015258789,33.68000030517578,33.290000915527344,33.650001525878906,21.512535095214844,14857100.0
2011-08-30 00:00:00+00:00,33.619998931884766,33.79999923706055,33.470001220703125,33.66999816894531,21.52531623840332,7754600.0
2011-08-31 00:00:00+00:00,33.790000915527344,33.9900016784668,33.709999084472656,33.88999938964844,21.665958404541016,9643700.0
2011-09-01 00:00:00+00:00,33.939998626708984,34.08000183105469,33.65999984741211,33.66999816894531,21.52531623840332,10671200.0
2011-09-02 00:00:00+00:00,33.2400016784668,33.5099983215332,33.209999084472656,33.290000915527344,21.28237533569336,8912500.0
2011-09-05 00:00:00+00:00,,,,,,
2011-09-06 00:00:00+00:00,32.630001068115234,33.15999984741211,32.400001525878906,33.130001068115234,21.18008804321289,11566600.0
2011-09-07 00:00:00+00:00,33.400001525878906,33.540000915527344,33.220001220703125,33.5,21.41663360595703,7569600.0
2011-09-08 00:00:00+00:00,33.41999816894531,33.79999923706055,33.310001373291016,33.47999954223633,21.40384864807129,6843300.0
2011-09-09 00:00:00+00:00,33.2599983215332,33.2599983215332,32.599998474121094,32.79999923706055,20.96912384033203,14075500.0
2011-09-12 00:00:00+00:00,32.630001068115234,33.08000183105469,32.5,33.06999969482422,21.141725540161133,7650400.0
2011-09-13 00:00:00+00:00,33.16999816894531,33.290000915527344,32.83000183105469,33.290000915527344,21.28237533569336,7174800.0
2011-09-14 00:00:00+00:00,33.43000030517578,33.790000915527344,33.029998779296875,33.52000045776367,21.429412841796875,7024700.0
2011-09-15 00:00:00+00:00,33.849998474121094,34.040000915527344,33.599998474121094,33.939998626708984,21.69792366027832,5911000.0
2011-09-16 00:00:00+00:00,33.630001068115234,34.06999969482422,33.630001068115234,33.97999954223633,21.94527244567871,8065600.0
2011-09-19 00:00:00+00:00,33.61000061035156,33.91999816894531,33.5,33.790000915527344,21.822568893432617,7280600.0
2011-09-20 00:00:00+00:00,34.06999969482422,34.720001220703125,33.88999938964844,34.279998779296875,22.139026641845703,18209200.0
2011-09-21 00:00:00+00:00,34.279998779296875,34.470001220703125,33.650001525878906,33.650001525878906,21.732162475585938,13772200.0
2011-09-22 00:00:00+00:00,33.099998474121094,33.220001220703125,32.72999954223633,33.08000183105469,21.36403465270996,27630100.0
2011-09-23 00:00:00+00:00,32.9900016784668,33.56999969482422,32.939998626708984,33.40999984741211,21.577152252197266,12022800.0
2011-09-26 00:00:00+00:00,33.540000915527344,33.720001220703125,33.33000183105469,33.68000030517578,21.751527786254883,10965900.0
2011-09-27 00:00:00+00:00,34.119998931884766,34.15999984741211,33.650001525878906,33.79999923706055,21.82902717590332,9169900.0
2011-09-28 00:00:00+00:00,33.959999084472656,34.02000045776367,33.41999816894531,33.459999084472656,21.609453201293945,12533600.0
2011-09-29 00:00:00+00:00,33.88999938964844,34.06999969482422,33.619998931884766,34.0,21.958189010620117,12233000.0
2011-09-30 00:00:00+00:00,33.70000076293945,34.040000915527344,33.61000061035156,33.619998931884766,21.7127742767334,10459700.0
2011-10-03 00:00:00+00:00,33.599998474121094,33.880001068115234,32.81999969482422,32.81999969482422,21.19611167907715,15331700.0
2011-10-04 00:00:00+00:00,32.68000030517578,32.72999954223633,31.940000534057617,32.65999984741211,21.092782974243164,22271100.0
2011-10-05 00:00:00+00:00,32.66999816894531,32.810001373291016,32.220001220703125,32.68000030517578,21.105703353881836,13081300.0
2011-10-06 00:00:00+00:00,32.720001220703125,33.2599983215332,32.68000030517578,33.2599983215332,21.48028564453125,12192800.0
2011-10-07 00:00:00+00:00,33.31999969482422,33.619998931884766,33.189998626708984,33.400001525878906,21.570697784423828,10608000.0
2011-10-10 00:00:00+00:00,33.65999984741211,34.06999969482422,33.65999984741211,34.04999923706055,21.99049186706543,6792200.0
2011-10-11 00:00:00+00:00,33.90999984741211,33.970001220703125,33.54999923706055,33.7400016784668,21.7902774810791,12097400.0
2011-10-12 00:00:00+00:00,33.869998931884766,33.869998931884766,33.58000183105469,33.65999984741211,21.73861312866211,6453000.0
2011-10-13 00:00:00+00:00,33.560001373291016,33.720001220703125,33.2599983215332,33.65999984741211,21.73861312866211,7803900.0
2011-10-14 00:00:00+00:00,33.790000915527344,33.9900016784668,33.70000076293945,33.97999954223633,21.94527244567871,9624800.0
2011-10-17 00:00:00+00:00,33.77000045776367,34.0099983215332,33.77000045776367,33.84000015258789,21.854862213134766,4726900.0
2011-10-18 00:00:00+00:00,33.720001220703125,34.279998779296875,33.599998474121094,34.08000183105469,22.00986671447754,10923600.0
2011-10-19 00:00:00+00:00,34.060001373291016,34.59000015258789,34.040000915527344,34.11000061035156,22.029232025146484,8798200.0
2011-10-20 00:00:00+00:00,34.099998474121094,34.439998626708984,34.06999969482422,34.29999923706055,22.151939392089844,5656500.0
2011-10-21 00:00:00+00:00,34.560001373291016,34.900001525878906,34.560001373291016,34.880001068115234,22.52652931213379,7494500.0
2011-10-24 00:00:00+00:00,34.95000076293945,34.95000076293945,34.63999938964844,34.72999954223633,22.429651260375977,8565600.0
2011-10-25 00:00:00+00:00,34.650001525878906,34.7400016784668,34.27000045776367,34.34000015258789,22.17778205871582,9675200.0
2011-10-26 00:00:00+00:00,34.61000061035156,34.70000076293945,34.290000915527344,34.47999954223633,22.268190383911133,8363500.0
2011-10-27 00:00:00+00:00,35.06999969482422,35.470001220703125,35.0,35.29999923706055,22.797767639160156,13191000.0
2011-10-28 00:00:00+00:00,35.279998779296875,35.279998779296875,34.83000183105469,35.0099983215332,22.6104793548584,11931800.0
2011-10-31 00:00:00+00:00,34.83000183105469,35.18000030517578,34.79999923706055,34.849998474121094,22.507152557373047,5709600.0
2011-11-01 00:00:00+00:00,34.349998474121094,34.599998474121094,34.04999923706055,34.119998931884766,22.03569793701172,12200800.0
2011-11-02 00:00:00+00:00,34.560001373291016,34.97999954223633,34.54999923706055,34.720001220703125,22.42319107055664,9590300.0
2011-11-03 00:00:00+00:00,34.81999969482422,35.25,34.77000045776367,35.13999938964844,22.694435119628906,10418300.0
2011-11-04 00:00:00+00:00,34.95000076293945,35.040000915527344,34.560001373291016,34.97999954223633,22.591102600097656,5633100.0
2011-11-07 00:00:00+00:00,35.0099983215332,35.20000076293945,34.7599983215332,35.16999816894531,22.71381187438965,5037700.0
2011-11-08 00:00:00+00:00,35.25,35.400001525878906,34.939998626708984,35.400001525878906,22.862356185913086,6099400.0
2011-11-09 00:00:00+00:00,34.97999954223633,35.060001373291016,34.560001373291016,34.630001068115234,22.365062713623047,8024300.0
2011-11-10 00:00:00+00:00,34.90999984741211,35.02000045776367,34.619998931884766,34.86000061035156,22.513601303100586,7519900.0
2011-11-11 00:00:00+00:00,35.16999816894531,35.36000061035156,35.130001068115234,35.36000061035156,22.836524963378906,4165900.0
2011-11-14 00:00:00+00:00,35.29999923706055,35.369998931884766,34.90999984741211,34.939998626708984,22.565277099609375,8015400.0
2011-11-15 00:00:00+00:00,34.97999954223633,35.119998931884766,34.81999969482422,35.0,22.604026794433594,4313500.0
2011-11-16 00:00:00+00:00,34.84000015258789,35.0,34.560001373291016,34.58000183105469,22.332778930664062,5745900.0
2011-11-17 00:00:00+00:00,34.59000015258789,34.72999954223633,34.130001068115234,34.400001525878906,22.21653175354004,5649400.0
2011-11-18 00:00:00+00:00,34.58000183105469,34.72999954223633,34.459999084472656,34.63999938964844,22.37152862548828,4830000.0
2011-11-21 00:00:00+00:00,34.40999984741211,34.40999984741211,33.959999084472656,34.209999084472656,22.09381675720215,6911400.0
2011-11-22 00:00:00+00:00,34.2400016784668,34.2400016784668,33.70000076293945,33.790000915527344,21.822568893432617,15888700.0
2011-11-23 00:00:00+00:00,33.560001373291016,33.61000061035156,33.18000030517578,33.2599983215332,21.48028564453125,6271700.0
2011-11-24 00:00:00+00:00,,,,,,
2011-11-25 00:00:00+00:00,33.189998626708984,33.61000061035156,33.189998626708984,33.43000030517578,21.590076446533203,2689700.0
2011-11-28 00:00:00+00:00,33.9900016784668,34.119998931884766,33.689998626708984,33.849998474121094,21.8613224029541,4865600.0
2011-11-29 00:00:00+00:00,33.91999816894531,34.34000015258789,33.91999816894531,34.220001220703125,22.10026741027832,4731800.0
2011-11-30 00:00:00+00:00,34.959999084472656,35.209999084472656,34.79999923706055,35.209999084472656,22.739652633666992,7202400.0
2011-12-01 00:00:00+00:00,35.15999984741211,35.310001373291016,35.029998779296875,35.11000061035156,22.67506217956543,5685500.0
2011-12-02 00:00:00+00:00,35.31999969482422,35.31999969482422,34.70000076293945,34.75,22.44256019592285,11776200.0
2011-12-05 00:00:00+00:00,35.27000045776367,35.27000045776367,34.849998474121094,35.02000045776367,22.61693572998047,7172900.0
2011-12-06 00:00:00+00:00,35.099998474121094,35.310001373291016,34.959999084472656,35.119998931884766,22.6815242767334,5373100.0
2011-12-07 00:00:00+00:00,35.06999969482422,35.20000076293945,34.83000183105469,35.06999969482422,22.649232864379883,5277700.0
2011-12-08 00:00:00+00:00,34.939998626708984,35.0,34.47999954223633,34.560001373291016,22.319860458374023,6902600.0
2011-12-09 00:00:00+00:00,34.720001220703125,35.08000183105469,34.65999984741211,35.0,22.604026794433594,11489300.0
2011-12-12 00:00:00+00:00,34.810001373291016,34.95000076293945,34.45000076293945,34.70000076293945,22.410274505615234,10144600.0
2011-12-13 00:00:00+00:00,34.849998474121094,35.22999954223633,34.75,34.83000183105469,22.494234085083008,6870400.0
2011-12-14 00:00:00+00:00,34.79999923706055,34.970001220703125,34.58000183105469,34.61000061035156,22.35215187072754,6107200.0
2011-12-15 00:00:00+00:00,34.790000915527344,35.13999938964844,34.790000915527344,35.029998779296875,22.623397827148438,9144300.0
2011-12-16 00:00:00+00:00,34.900001525878906,34.91999816894531,34.470001220703125,34.540000915527344,22.556793212890625,7767600.0
2011-12-19 00:00:00+00:00,34.720001220703125,34.779998779296875,34.220001220703125,34.279998779296875,22.386987686157227,6709400.0
2011-12-20 00:00:00+00:00,34.54999923706055,35.04999923706055,34.54999923706055,35.0099983215332,22.863719940185547,6544900.0
2011-12-21 00:00:00+00:00,35.04999923706055,35.56999969482422,35.04999923706055,35.529998779296875,23.20332145690918,9672300.0
2011-12-22 00:00:00+00:00,35.630001068115234,35.650001525878906,35.470001220703125,35.56999969482422,23.229442596435547,4085400.0
2011-12-23 00:00:00+00:00,35.689998626708984,35.959999084472656,35.68000030517578,35.79999923706055,23.379642486572266,3219100.0
2011-12-26 00:00:00+00:00,,,,,,
2011-12-27 00:00:00+00:00,35.83000183105469,36.15999984741211,35.779998779296875,36.09000015258789,23.56903076171875,3242800.0
2011-12-28 00:00:00+00:00,36.22999954223633,36.22999954223633,35.900001525878906,35.959999084472656,23.484132766723633,3152600.0
2011-12-29 00:00:00+00:00,36.02000045776367,36.2400016784668,35.9900016784668,36.2400016784668,23.66699981689453,3962500.0
2011-12-30 00:00:00+00:00,36.2599983215332,36.27000045776367,35.959999084472656,35.97999954223633,23.49720001220703,4092800.0
2012-01-02 00:00:00+00:00,,,,,,
2012-01-03 00:00:00+00:00,36.18000030517578,36.25,35.22999954223633,35.34000015258789,23.079235076904297,19184900.0
2012-01-04 00:00:00+00:00,35.2400016784668,35.45000076293945,35.130001068115234,35.13999938964844,22.948623657226562,5775100.0
2012-01-05 00:00:00+00:00,35.099998474121094,35.31999969482422,34.90999984741211,35.209999084472656,22.994335174560547,12110000.0
2012-01-06 00:00:00+00:00,35.27000045776367,35.29999923706055,34.97999954223633,35.02000045776367,22.870258331298828,7305500.0
2012-01-09 00:00:00+00:00,35.130001068115234,35.20000076293945,34.90999984741211,35.06999969482422,22.902908325195312,4527300.0
2012-01-10 00:00:00+00:00,35.31999969482422,35.369998931884766,35.09000015258789,35.119998931884766,22.93556022644043,4508600.0
2012-01-11 00:00:00+00:00,35.099998474121094,35.13999938964844,34.900001525878906,34.959999084472656,22.831077575683594,6163000.0
2012-01-12 00:00:00+00:00,35.0099983215332,35.16999816894531,34.79999923706055,34.90999984741211,22.798418045043945,6007600.0
2012-01-13 00:00:00+00:00,34.81999969482422,34.88999938964844,34.619998931884766,34.88999938964844,22.785354614257812,6016900.0
2012-01-16 00:00:00+00:00,,,,,,
2012-01-17 00:00:00+00:00,35.09000015258789,35.25,34.779998779296875,34.86000061035156,22.765766143798828,6638200.0
2012-01-18 00:00:00+00:00,34.880001068115234,34.90999984741211,34.65999984741211,34.849998474121094,22.759235382080078,5943200.0
2012-01-19 00:00:00+00:00,34.880001068115234,34.90999984741211,34.529998779296875,34.560001373291016,22.569841384887695,7629100.0
2012-01-20 00:00:00+00:00,34.560001373291016,34.65999984741211,34.45000076293945,34.61000061035156,22.602502822875977,6336800.0
2012-01-23 00:00:00+00:00,34.560001373291016,34.95000076293945,34.54999923706055,34.75,22.69392967224121,24398000.0
2012-01-24 00:00:00+00:00,34.58000183105469,34.619998931884766,34.400001525878906,34.470001220703125,22.51107406616211,4996400.0
2012-01-25 00:00:00+00:00,34.40999984741211,35.09000015258789,34.13999938964844,35.040000915527344,22.88332176208496,12932300.0
2012-01-26 00:00:00+00:00,35.11000061035156,35.27000045776367,34.939998626708984,35.15999984741211,22.961688995361328,7350500.0
2012-01-27 00:00:00+00:00,35.06999969482422,35.06999969482422,34.599998474121094,34.72999954223633,22.680864334106445,8097800.0
2012-01-30 00:00:00+00:00,34.599998474121094,34.599998474121094,34.29999923706055,34.5099983215332,22.537193298339844,9475100.0
2012-01-31 00:00:00+00:00,34.59000015258789,34.689998626708984,34.459999084472656,34.68000030517578,22.648212432861328,7359900.0
2012-02-01 00:00:00+00:00,34.7599983215332,34.880001068115234,34.689998626708984,34.79999923706055,22.726577758789062,8196500.0
2012-02-02 00:00:00+00:00,34.84000015258789,34.959999084472656,34.66999816894531,34.7400016784668,22.687397003173828,8038600.0
2012-02-03 00:00:00+00:00,34.779998779296875,34.97999954223633,34.619998931884766,34.83000183105469,22.746177673339844,9231500.0
2012-02-06 00:00:00+00:00,34.779998779296875,34.79999923706055,34.59000015258789,34.68000030517578,22.648212432861328,6077000.0
2012-02-07 00:00:00+00:00,34.65999984741211,35.040000915527344,34.5,34.93000030517578,22.811485290527344,6928900.0
2012-02-08 00:00:00+00:00,35.0099983215332,35.0099983215332,34.72999954223633,34.970001220703125,22.837600708007812,6418300.0
2012-02-09 00:00:00+00:00,34.90999984741211,34.970001220703125,34.7599983215332,34.869998931884766,22.772289276123047,6858400.0
2012-02-10 00:00:00+00:00,34.720001220703125,34.86000061035156,34.66999816894531,34.79999923706055,22.726577758789062,4558600.0
2012-02-13 00:00:00+00:00,34.95000076293945,35.0099983215332,34.72999954223633,34.7599983215332,22.700456619262695,6714900.0
2012-02-14 00:00:00+00:00,34.75,34.86000061035156,34.61000061035156,34.77000045776367,22.70699119567871,5586600.0
2012-02-15 00:00:00+00:00,34.810001373291016,34.88999938964844,34.560001373291016,34.70000076293945,22.661273956298828,7347600.0
2012-02-16 00:00:00+00:00,34.75,35.16999816894531,34.68000030517578,35.06999969482422,22.902908325195312,7382200.0
2012-02-17 00:00:00+00:00,35.13999938964844,35.27000045776367,34.959999084472656,35.04999923706055,22.889848709106445,4629600.0
2012-02-20 00:00:00+00:00,,,,,,
2012-02-21 00:00:00+00:00,35.130001068115234,35.130001068115234,34.869998931884766,34.91999816894531,22.804950714111328,5919700.0
2012-02-22 00:00:00+00:00,34.880001068115234,35.09000015258789,34.83000183105469,34.959999084472656,22.831077575683594,4567500.0
2012-02-23 00:00:00+00:00,35.0,35.060001373291016,34.810001373291016,34.93000030517578,22.811485290527344,4839000.0
2012-02-24 00:00:00+00:00,34.97999954223633,35.189998626708984,34.880001068115234,35.08000183105469,22.909439086914062,3325200.0
2012-02-27 00:00:00+00:00,35.040000915527344,35.119998931884766,34.869998931884766,35.06999969482422,22.902908325195312,4689600.0
2012-02-28 00:00:00+00:00,35.060001373291016,35.11000061035156,34.79999923706055,34.900001525878906,22.791893005371094,6827400.0
2012-02-29 00:00:00+00:00,34.91999816894531,35.060001373291016,34.689998626708984,34.88999938964844,22.785354614257812,6141700.0
2012-03-01 00:00:00+00:00,34.900001525878906,35.099998474121094,34.849998474121094,34.97999954223633,22.844125747680664,5532000.0
2012-03-02 00:00:00+00:00,34.9900016784668,35.06999969482422,34.849998474121094,34.959999084472656,22.831077575683594,4865500.0
2012-03-05 00:00:00+00:00,34.970001220703125,35.11000061035156,34.7599983215332,35.040000915527344,22.88332176208496,4669000.0
2012-03-06 00:00:00+00:00,34.90999984741211,34.939998626708984,34.70000076293945,34.900001525878906,22.791893005371094,7338100.0
2012-03-07 00:00:00+00:00,34.970001220703125,34.970001220703125,34.650001525878906,34.91999816894531,22.804950714111328,6244200.0
2012-03-08 00:00:00+00:00,34.91999816894531,35.099998474121094,34.900001525878906,35.029998779296875,22.876789093017578,5522900.0
2012-03-09 00:00:00+00:00,35.130001068115234,35.209999084472656,34.91999816894531,35.16999816894531,22.968215942382812,3890800.0
2012-03-12 00:00:00+00:00,35.2599983215332,35.63999938964844,35.18000030517578,35.56999969482422,23.229442596435547,8024100.0
2012-03-13 00:00:00+00:00,35.689998626708984,35.720001220703125,35.459999084472656,35.689998626708984,23.307802200317383,6160800.0
2012-03-14 00:00:00+00:00,35.619998931884766,35.7400016784668,35.119998931884766,35.15999984741211,22.961688995361328,8634800.0
2012-03-15 00:00:00+00:00,35.22999954223633,35.290000915527344,34.95000076293945,35.130001068115234,22.942089080810547,6394000.0
2012-03-16 00:00:00+00:00,34.75,34.810001373291016,34.619998931884766,34.779998779296875,22.92363739013672,7598800.0
2012-03-19 00:00:00+00:00,34.75,34.880001068115234,34.540000915527344,34.540000915527344,22.765459060668945,11464000.0
2012-03-20 00:00:00+00:00,34.52000045776367,34.68000030517578,34.439998626708984,34.58000183105469,22.79182243347168,6933900.0
2012-03-21 00:00:00+00:00,34.599998474121094,34.70000076293945,34.5,34.5099983215332,22.745681762695312,4357700.0
2012-03-22 00:00:00+00:00,34.4900016784668,34.619998931884766,34.369998931884766,34.59000015258789,22.798404693603516,10250800.0
2012-03-23 00:00:00+00:00,34.619998931884766,34.689998626708984,34.52000045776367,34.599998474121094,22.80499839782715,5177400.0
2012-03-26 00:00:00+00:00,34.709999084472656,34.939998626708984,34.63999938964844,34.84000015258789,22.96319007873535,7002700.0
2012-03-27 00:00:00+00:00,34.849998474121094,35.08000183105469,34.790000915527344,35.0099983215332,23.075227737426758,4604300.0
2012-03-28 00:00:00+00:00,35.0,35.029998779296875,34.59000015258789,34.720001220703125,22.884096145629883,6668300.0
2012-03-29 00:00:00+00:00,34.630001068115234,34.880001068115234,34.38999938964844,34.86000061035156,22.976360321044922,6731500.0
2012-03-30 00:00:00+00:00,34.959999084472656,35.060001373291016,34.849998474121094,35.040000915527344,23.095008850097656,5370400.0
2012-04-02 00:00:00+00:00,35.029998779296875,35.34000015258789,34.93000030517578,35.220001220703125,23.21364402770996,12073900.0
2012-04-03 00:00:00+00:00,35.209999084472656,35.2400016784668,34.959999084472656,35.20000076293945,23.200454711914062,5757700.0
2012-04-04 00:00:00+00:00,35.0099983215332,35.220001220703125,34.9900016784668,35.150001525878906,23.167505264282227,7970600.0
2012-04-05 00:00:00+00:00,35.0,35.060001373291016,34.779998779296875,34.88999938964844,22.996135711669922,4697400.0
2012-04-06 00:00:00+00:00,,,,,,
2012-04-09 00:00:00+00:00,34.65999984741211,34.790000915527344,34.61000061035156,34.709999084472656,22.877498626708984,5026500.0
2012-04-10 00:00:00+00:00,34.560001373291016,34.63999938964844,34.16999816894531,34.2599983215332,22.58090591430664,7641200.0
2012-04-11 00:00:00+00:00,34.470001220703125,34.47999954223633,34.2599983215332,34.34000015258789,22.633630752563477,4920900.0
2012-04-12 00:00:00+00:00,34.38999938964844,34.45000076293945,34.189998626708984,34.45000076293945,22.70612907409668,5843900.0
2012-04-13 00:00:00+00:00,34.38999938964844,34.650001525878906,34.310001373291016,34.33000183105469,22.627037048339844,5347400.0
2012-04-16 00:00:00+00:00,34.43000030517578,34.77000045776367,34.36000061035156,34.650001525878906,22.83795738220215,7289500.0
2012-04-17 00:00:00+00:00,34.83000183105469,34.88999938964844,34.47999954223633,34.83000183105469,22.956594467163086,5592800.0
2012-04-18 00:00:00+00:00,34.790000915527344,34.93000030517578,34.66999816894531,34.77000045776367,22.91704750061035,3588500.0
2012-04-19 00:00:00+00:00,34.7400016784668,34.81999969482422,34.54999923706055,34.68000030517578,22.857728958129883,5015700.0
2012-04-20 00:00:00+00:00,34.75,35.08000183105469,34.65999984741211,35.02000045776367,23.08182144165039,7783900.0
2012-04-23 00:00:00+00:00,34.86000061035156,34.900001525878906,34.709999084472656,34.869998931884766,22.982946395874023,5590500.0
2012-04-24 00:00:00+00:00,34.83000183105469,35.130001068115234,34.83000183105469,35.11000061035156,23.141145706176758,6243300.0
2012-04-25 00:00:00+00:00,35.209999084472656,35.34000015258789,35.060001373291016,35.290000915527344,23.25977897644043,6237000.0
2012-04-26 00:00:00+00:00,35.209999084472656,35.540000915527344,35.209999084472656,35.4900016784668,23.391599655151367,4266000.0
2012-04-27 00:00:00+00:00,35.54999923706055,35.65999984741211,35.439998626708984,35.61000061035156,23.470691680908203,5043400.0
2012-04-30 00:00:00+00:00,35.59000015258789,35.709999084472656,35.459999084472656,35.65999984741211,23.503646850585938,7046300.0
2012-05-01 00:00:00+00:00,35.70000076293945,35.939998626708984,35.56999969482422,35.84000015258789,23.622289657592773,9260400.0
2012-05-02 00:00:00+00:00,35.779998779296875,35.81999969482422,35.58000183105469,35.630001068115234,23.483877182006836,5505700.0
2012-05-03 00:00:00+00:00,35.599998474121094,35.849998474121094,35.470001220703125,35.52000045776367,23.411375045776367,5860000.0
2012-05-04 00:00:00+00:00,35.47999954223633,35.7400016784668,35.47999954223633,35.56999969482422,23.444332122802734,6873300.0
2012-05-07 00:00:00+00:00,35.459999084472656,35.54999923706055,35.380001068115234,35.5,23.39820098876953,3876600.0
2012-05-08 00:00:00+00:00,35.36000061035156,35.599998474121094,35.33000183105469,35.560001373291016,23.437740325927734,5412600.0
2012-05-09 00:00:00+00:00,35.34000015258789,35.720001220703125,35.290000915527344,35.58000183105469,23.45092010498047,5272600.0
2012-05-10 00:00:00+00:00,35.7400016784668,36.040000915527344,35.68000030517578,35.90999984741211,23.668424606323242,4465000.0
2012-05-11 00:00:00+00:00,35.86000061035156,36.13999938964844,35.810001373291016,35.93000030517578,23.68160057067871,3129700.0
2012-05-14 00:00:00+00:00,35.75,36.02000045776367,35.66999816894531,35.88999938964844,23.65524673461914,5049300.0
2012-05-15 00:00:00+00:00,35.810001373291016,35.93000030517578,35.560001373291016,35.63999938964844,23.490468978881836,5724400.0
2012-05-16 00:00:00+00:00,35.7400016784668,35.79999923706055,35.59000015258789,35.689998626708984,23.52341651916504,7145800.0
2012-05-17 00:00:00+00:00,35.7400016784668,35.779998779296875,35.47999954223633,35.4900016784668,23.391599655151367,6344800.0
2012-05-18 00:00:00+00:00,35.560001373291016,35.7400016784668,35.380001068115234,35.41999816894531,23.345460891723633,6890500.0
2012-05-21 00:00:00+00:00,35.45000076293945,35.52000045776367,35.29999923706055,35.459999084472656,23.3718318939209,5465300.0
2012-05-22 00:00:00+00:00,35.599998474121094,35.79999923706055,35.54999923706055,35.709999084472656,23.536605834960938,6954400.0
2012-05-23 00:00:00+00:00,35.63999938964844,35.790000915527344,35.34000015258789,35.52000045776367,23.411375045776367,5736200.0
2012-05-24 00:00:00+00:00,35.54999923706055,35.86000061035156,35.470001220703125,35.65999984741211,23.503646850585938,6454200.0
2012-05-25 00:00:00+00:00,35.689998626708984,35.880001068115234,35.66999816894531,35.779998779296875,23.582740783691406,4855800.0
2012-05-28 00:00:00+00:00,,,,,,
2012-05-29 00:00:00+00:00,35.90999984741211,35.90999984741211,35.720001220703125,35.88999938964844,23.65524673461914,4097900.0
2012-05-30 00:00:00+00:00,35.75,36.040000915527344,35.599998474121094,35.66999816894531,23.51024627685547,3961000.0
2012-05-31 00:00:00+00:00,35.650001525878906,36.06999969482422,35.61000061035156,35.86000061035156,23.63546371459961,6017300.0
2012-06-01 00:00:00+00:00,35.59000015258789,35.93000030517578,35.560001373291016,35.709999084472656,23.536605834960938,11161000.0
2012-06-04 00:00:00+00:00,35.75,35.869998931884766,35.65999984741211,35.83000183105469,23.615694046020508,5766200.0
2012-06-05 00:00:00+00:00,35.79999923706055,36.130001068115234,35.72999954223633,35.959999084472656,23.701372146606445,4298800.0
2012-06-06 00:00:00+00:00,36.119998931884766,36.459999084472656,36.02000045776367,36.459999084472656,24.030935287475586,8899200.0
2012-06-07 00:00:00+00:00,36.599998474121094,36.77000045776367,36.599998474121094,36.7400016784668,24.21548080444336,7374100.0
2012-06-08 00:00:00+00:00,36.709999084472656,36.880001068115234,36.529998779296875,36.81999969482422,24.268211364746094,6729600.0
2012-06-11 00:00:00+00:00,37.0,37.15999984741211,36.75,36.790000915527344,24.248435974121094,7417000.0
2012-06-12 00:00:00+00:00,36.7599983215332,36.86000061035156,36.5,36.83000183105469,24.274799346923828,4735800.0
2012-06-13 00:00:00+00:00,36.709999084472656,36.9900016784668,36.59000015258789,36.84000015258789,24.281391143798828,6663700.0
2012-06-14 00:00:00+00:00,36.900001525878906,37.20000076293945,36.86000061035156,37.09000015258789,24.446165084838867,5843500.0
2012-06-15 00:00:00+00:00,36.880001068115234,37.0,36.7599983215332,36.93000030517578,24.567243576049805,5953300.0
2012-06-18 00:00:00+00:00,36.779998779296875,37.130001068115234,36.779998779296875,37.06999969482422,24.66037368774414,5172700.0
2012-06-19 00:00:00+00:00,37.16999816894531,37.27000045776367,36.9900016784668,36.9900016784668,24.607152938842773,5585200.0
2012-06-20 00:00:00+00:00,36.9900016784668,37.029998779296875,36.5,36.630001068115234,24.367673873901367,7389700.0
2012-06-21 00:00:00+00:00,36.66999816894531,36.86000061035156,36.209999084472656,36.25,24.11488151550293,9589600.0
2012-06-22 00:00:00+00:00,36.349998474121094,36.38999938964844,36.20000076293945,36.2599983215332,24.121532440185547,3455300.0
2012-06-25 00:00:00+00:00,36.0,36.25,36.0,36.189998626708984,24.074966430664062,5325000.0
2012-06-26 00:00:00+00:00,36.209999084472656,36.38999938964844,36.130001068115234,36.2400016784668,24.10823631286621,3981600.0
2012-06-27 00:00:00+00:00,36.43000030517578,36.779998779296875,36.34000015258789,36.650001525878906,24.3809757232666,5224700.0
2012-06-28 00:00:00+00:00,36.47999954223633,36.779998779296875,36.369998931884766,36.779998779296875,24.46746063232422,4230800.0
2012-06-29 00:00:00+00:00,37.099998474121094,37.18000030517578,36.77000045776367,36.9900016784668,24.607152938842773,7620100.0
2012-07-02 00:00:00+00:00,37.11000061035156,37.29999923706055,36.90999984741211,37.220001220703125,24.760164260864258,11588600.0
2012-07-03 00:00:00+00:00,37.18000030517578,37.29999923706055,37.0099983215332,37.130001068115234,24.70029067993164,2762600.0
2012-07-04 00:00:00+00:00,,,,,,
2012-07-05 00:00:00+00:00,37.08000183105469,37.150001525878906,36.880001068115234,36.90999984741211,24.553939819335938,8851500.0
2012-07-06 00:00:00+00:00,36.7400016784668,36.900001525878906,36.650001525878906,36.83000183105469,24.500717163085938,5471000.0
2012-07-09 00:00:00+00:00,36.75,36.83000183105469,36.560001373291016,36.709999084472656,24.420886993408203,8701500.0
2012-07-10 00:00:00+00:00,36.75,36.90999984741211,36.720001220703125,36.77000045776367,24.460800170898438,4029600.0
2012-07-11 00:00:00+00:00,36.84000015258789,37.040000915527344,36.75,36.959999084472656,24.587196350097656,4113100.0
2012-07-12 00:00:00+00:00,36.93000030517578,37.099998474121094,36.83000183105469,37.0099983215332,24.620458602905273,5267600.0
2012-07-13 00:00:00+00:00,37.09000015258789,37.38999938964844,37.040000915527344,37.34000015258789,24.83999252319336,7063800.0
2012-07-16 00:00:00+00:00,37.29999923706055,37.380001068115234,37.2400016784668,37.31999969482422,24.826688766479492,5139400.0
2012-07-17 00:00:00+00:00,37.349998474121094,37.5099983215332,37.16999816894531,37.400001525878906,24.879901885986328,5731600.0
2012-07-18 00:00:00+00:00,37.369998931884766,37.560001373291016,37.25,37.52000045776367,24.959735870361328,5439600.0
2012-07-19 00:00:00+00:00,37.61000061035156,37.65999984741211,37.290000915527344,37.59000015258789,25.006305694580078,5405700.0
2012-07-20 00:00:00+00:00,37.5099983215332,37.779998779296875,37.43000030517578,37.66999816894531,25.059511184692383,9016500.0
2012-07-23 00:00:00+00:00,37.54999923706055,37.66999816894531,37.29999923706055,37.41999816894531,24.89320945739746,4515600.0
2012-07-24 00:00:00+00:00,37.369998931884766,37.40999984741211,36.900001525878906,37.09000015258789,24.67367935180664,10022200.0
2012-07-25 00:00:00+00:00,37.15999984741211,37.279998779296875,36.900001525878906,37.06999969482422,24.66037368774414,3573900.0
2012-07-26 00:00:00+00:00,37.29999923706055,37.709999084472656,37.29999923706055,37.650001525878906,25.04620933532715,6126800.0
2012-07-27 00:00:00+00:00,37.709999084472656,38.189998626708984,37.709999084472656,38.09000015258789,25.33891487121582,5244700.0
2012-07-30 00:00:00+00:00,37.95000076293945,38.34000015258789,37.88999938964844,38.22999954223633,25.432052612304688,6785200.0
2012-07-31 00:00:00+00:00,38.36000061035156,38.36000061035156,37.90999984741211,37.91999816894531,25.225828170776367,4192300.0
2012-08-01 00:00:00+00:00,38.0,38.540000915527344,37.630001068115234,37.630001068115234,25.032909393310547,15694900.0
2012-08-02 00:00:00+00:00,37.529998779296875,37.65999984741211,37.09000015258789,37.41999816894531,24.89320945739746,7947600.0
2012-08-03 00:00:00+00:00,37.650001525878906,37.88999938964844,37.599998474121094,37.86000061035156,25.185916900634766,6819300.0
2012-08-06 00:00:00+00:00,38.02000045776367,38.060001373291016,37.720001220703125,37.77000045776367,25.126041412353516,6325400.0
2012-08-07 00:00:00+00:00,37.79999923706055,37.88999938964844,37.369998931884766,37.380001068115234,24.866609573364258,9218800.0
2012-08-08 00:00:00+00:00,37.38999938964844,37.45000076293945,37.20000076293945,37.43000030517578,24.899858474731445,4914700.0
2012-08-09 00:00:00+00:00,37.380001068115234,37.5099983215332,37.34000015258789,37.43000030517578,24.899858474731445,4546800.0
2012-08-10 00:00:00+00:00,37.43000030517578,37.599998474121094,37.29999923706055,37.540000915527344,24.97303581237793,6134000.0
2012-08-13 00:00:00+00:00,37.459999084472656,37.540000915527344,37.369998931884766,37.5,24.946420669555664,3798500.0
2012-08-14 00:00:00+00:00,37.56999969482422,37.619998931884766,37.36000061035156,37.459999084472656,24.919815063476562,6661800.0
2012-08-15 00:00:00+00:00,37.41999816894531,37.45000076293945,37.279998779296875,37.279998779296875,24.80007553100586,5521900.0
2012-08-16 00:00:00+00:00,37.349998474121094,37.380001068115234,37.150001525878906,37.189998626708984,24.74019432067871,7882100.0
2012-08-17 00:00:00+00:00,37.31999969482422,37.31999969482422,37.02000045776367,37.09000015258789,24.67367935180664,6404100.0
2012-08-20 00:00:00+00:00,37.04999923706055,37.15999984741211,36.95000076293945,37.15999984741211,24.720245361328125,5328200.0
2012-08-21 00:00:00+00:00,37.150001525878906,37.220001220703125,36.88999938964844,36.88999938964844,24.54062843322754,8072800.0
2012-08-22 00:00:00+00:00,36.849998474121094,36.970001220703125,36.7599983215332,36.83000183105469,24.500717163085938,5607000.0
2012-08-23 00:00:00+00:00,36.83000183105469,36.84000015258789,36.40999984741211,36.45000076293945,24.2479248046875,7974400.0
2012-08-24 00:00:00+00:00,36.349998474121094,36.66999816894531,36.349998474121094,36.619998931884766,24.36101722717285,3277000.0
2012-08-27 00:00:00+00:00,36.599998474121094,36.7599983215332,36.56999969482422,36.70000076293945,24.414236068725586,4070300.0
2012-08-28 00:00:00+00:00,36.65999984741211,36.709999084472656,36.52000045776367,36.630001068115234,24.367673873901367,3174100.0
2012-08-29 00:00:00+00:00,36.599998474121094,36.63999938964844,36.47999954223633,36.56999969482422,24.327754974365234,5388700.0
2012-08-30 00:00:00+00:00,36.5099983215332,36.5099983215332,36.33000183105469,36.38999938964844,24.20801544189453,2085600.0
2012-08-31 00:00:00+00:00,36.5,36.52000045776367,36.2400016784668,36.349998474121094,24.181394577026367,6147900.0
2012-09-03 00:00:00+00:00,,,,,,
2012-09-04 00:00:00+00:00,36.290000915527344,36.540000915527344,36.2400016784668,36.4900016784668,24.2745361328125,12968700.0
2012-09-05 00:00:00+00:00,36.47999954223633,36.529998779296875,36.310001373291016,36.33000183105469,24.168102264404297,3536700.0
2012-09-06 00:00:00+00:00,36.380001068115234,36.75,36.380001068115234,36.7400016784668,24.440847396850586,5533000.0
2012-09-07 00:00:00+00:00,36.75,36.79999923706055,36.560001373291016,36.619998931884766,24.36101722717285,5114800.0
2012-09-10 00:00:00+00:00,36.630001068115234,36.720001220703125,36.58000183105469,36.58000183105469,24.33441162109375,3711500.0
2012-09-11 00:00:00+00:00,36.560001373291016,36.61000061035156,36.459999084472656,36.4900016784668,24.2745361328125,3379700.0
2012-09-12 00:00:00+00:00,36.540000915527344,36.540000915527344,36.2400016784668,36.279998779296875,24.134838104248047,3837000.0
2012-09-13 00:00:00+00:00,36.25,36.81999969482422,36.25,36.790000915527344,24.47410774230957,8450200.0
2012-09-14 00:00:00+00:00,36.7599983215332,36.83000183105469,36.439998626708984,36.540000915527344,24.30780029296875,9104100.0
2012-09-17 00:00:00+00:00,36.47999954223633,36.630001068115234,36.2599983215332,36.310001373291016,24.154794692993164,5183200.0
2012-09-18 00:00:00+00:00,36.34000015258789,36.34000015258789,36.119998931884766,36.20000076293945,24.081619262695312,10369600.0
2012-09-19 00:00:00+00:00,36.16999816894531,36.36000061035156,36.13999938964844,36.2400016784668,24.10823631286621,12557100.0
2012-09-20 00:00:00+00:00,36.220001220703125,36.439998626708984,36.20000076293945,36.38999938964844,24.20801544189453,4761400.0
2012-09-21 00:00:00+00:00,36.130001068115234,36.130001068115234,35.90999984741211,36.029998779296875,24.222129821777344,7589400.0
2012-09-24 00:00:00+00:00,35.970001220703125,36.43000030517578,35.970001220703125,36.369998931884766,24.450708389282227,8215200.0
2012-09-25 00:00:00+00:00,36.439998626708984,36.54999923706055,36.279998779296875,36.290000915527344,24.396928787231445,6727900.0
2012-09-26 00:00:00+00:00,36.349998474121094,36.65999984741211,36.290000915527344,36.369998931884766,24.450708389282227,6329600.0
2012-09-27 00:00:00+00:00,36.41999816894531,36.45000076293945,36.16999816894531,36.220001220703125,24.34986114501953,7002100.0
2012-09-28 00:00:00+00:00,36.20000076293945,36.45000076293945,36.040000915527344,36.38999938964844,24.464147567749023,7966000.0
2012-10-01 00:00:00+00:00,36.43000030517578,36.59000015258789,36.209999084472656,36.220001220703125,24.34986114501953,7193800.0
2012-10-02 00:00:00+00:00,36.31999969482422,36.470001220703125,36.22999954223633,36.40999984741211,24.47759437561035,6198500.0
2012-10-03 00:00:00+00:00,36.4900016784668,36.68000030517578,36.45000076293945,36.59000015258789,24.59861183166504,4703400.0
2012-10-04 00:00:00+00:00,36.65999984741211,36.959999084472656,36.65999984741211,36.79999923706055,24.739784240722656,6686600.0
2012-10-05 00:00:00+00:00,36.88999938964844,36.95000076293945,36.68000030517578,36.7400016784668,24.699451446533203,4594300.0
2012-10-08 00:00:00+00:00,36.68000030517578,36.86000061035156,36.59000015258789,36.79999923706055,24.739784240722656,5426800.0
2012-10-09 00:00:00+00:00,36.72999954223633,36.880001068115234,36.650001525878906,36.72999954223633,24.69272232055664,5488600.0
2012-10-10 00:00:00+00:00,36.72999954223633,36.84000015258789,36.56999969482422,36.66999816894531,24.652395248413086,3819700.0
2012-10-11 00:00:00+00:00,36.7400016784668,36.91999816894531,36.630001068115234,36.709999084472656,24.67928123474121,5926300.0
2012-10-12 00:00:00+00:00,36.79999923706055,36.84000015258789,36.41999816894531,36.5,24.538103103637695,4181300.0
2012-10-15 00:00:00+00:00,36.5,36.68000030517578,36.310001373291016,36.650001525878906,24.638946533203125,4842800.0
2012-10-16 00:00:00+00:00,36.709999084472656,36.880001068115234,36.650001525878906,36.790000915527344,24.733060836791992,8356500.0
2012-10-17 00:00:00+00:00,36.880001068115234,37.290000915527344,36.79999923706055,37.2400016784668,25.03558349609375,9854000.0
2012-10-18 00:00:00+00:00,37.25,37.41999816894531,37.150001525878906,37.40999984741211,25.149871826171875,5445100.0
2012-10-19 00:00:00+00:00,37.369998931884766,37.439998626708984,37.04999923706055,37.11000061035156,24.948190689086914,7839100.0
2012-10-22 00:00:00+00:00,37.06999969482422,37.08000183105469,36.83000183105469,37.0099983215332,24.880958557128906,4744000.0
2012-10-23 00:00:00+00:00,36.75,36.849998474121094,36.529998779296875,36.66999816894531,24.652395248413086,6892100.0
2012-10-24 00:00:00+00:00,36.63999938964844,36.72999954223633,36.380001068115234,36.400001525878906,24.470874786376953,5775600.0
2012-10-25 00:00:00+00:00,36.5099983215332,36.61000061035156,36.29999923706055,36.58000183105469,24.59188461303711,5650200.0
2012-10-26 00:00:00+00:00,36.56999969482422,36.68000030517578,36.41999816894531,36.58000183105469,24.59188461303711,7486100.0
2012-10-29 00:00:00+00:00,,,,,,
2012-10-30 00:00:00+00:00,,,,,,
2012-10-31 00:00:00+00:00,36.790000915527344,37.04999923706055,36.619998931884766,36.900001525878906,24.80701446533203,11069600.0
2012-11-01 00:00:00+00:00,37.04999923706055,37.09000015258789,36.470001220703125,36.5099983215332,24.544824600219727,8435000.0
2012-11-02 00:00:00+00:00,36.5,36.70000076293945,36.22999954223633,36.2599983215332,24.37675666809082,4297600.0
2012-11-05 00:00:00+00:00,36.189998626708984,36.189998626708984,35.619998931884766,35.66999816894531,23.98011016845703,8286100.0
2012-11-06 00:00:00+00:00,35.709999084472656,35.869998931884766,35.56999969482422,35.689998626708984,23.99355125427246,8265600.0
2012-11-07 00:00:00+00:00,35.4900016784668,35.58000183105469,34.7400016784668,34.939998626708984,23.489343643188477,12003100.0
2012-11-08 00:00:00+00:00,34.970001220703125,35.36000061035156,34.869998931884766,34.880001068115234,23.449007034301758,9673800.0
2012-11-09 00:00:00+00:00,34.79999923706055,34.93000030517578,34.630001068115234,34.66999816894531,23.307838439941406,9679700.0
2012-11-12 00:00:00+00:00,34.61000061035156,34.689998626708984,34.290000915527344,34.380001068115234,23.11287498474121,7119900.0
2012-11-13 00:00:00+00:00,34.2599983215332,34.720001220703125,34.25,34.5099983215332,23.20026969909668,12455900.0
2012-11-14 00:00:00+00:00,34.54999923706055,34.56999969482422,34.18000030517578,34.27000045776367,23.038925170898438,10372500.0
2012-11-15 00:00:00+00:00,34.2599983215332,34.470001220703125,33.849998474121094,34.06999969482422,22.90446662902832,15302100.0
2012-11-16 00:00:00+00:00,34.099998474121094,34.41999816894531,33.91999816894531,34.36000061035156,23.099435806274414,12337500.0
2012-11-19 00:00:00+00:00,34.470001220703125,34.59000015258789,34.189998626708984,34.38999938964844,23.11959457397461,16536500.0
2012-11-20 00:00:00+00:00,34.43000030517578,34.459999084472656,34.040000915527344,34.33000183105469,23.079256057739258,11329700.0
2012-11-21 00:00:00+00:00,34.36000061035156,34.38999938964844,33.849998474121094,34.18000030517578,22.978418350219727,14939300.0
2012-11-22 00:00:00+00:00,,,,,,
2012-11-23 00:00:00+00:00,34.18000030517578,34.279998779296875,33.900001525878906,34.09000015258789,22.91791534423828,3720100.0
2012-11-26 00:00:00+00:00,34.0099983215332,34.68000030517578,34.0099983215332,34.52000045776367,23.206995010375977,16184000.0
2012-11-27 00:00:00+00:00,34.4900016784668,34.810001373291016,34.4900016784668,34.61000061035156,23.267498016357422,13662900.0
2012-11-28 00:00:00+00:00,34.5,34.79999923706055,34.369998931884766,34.75,23.361618041992188,10529100.0
2012-11-29 00:00:00+00:00,34.779998779296875,34.9900016784668,34.68000030517578,34.95000076293945,23.49607276916504,9565800.0
2012-11-30 00:00:00+00:00,35.040000915527344,35.349998474121094,34.939998626708984,35.31999969482422,23.74481964111328,29063200.0
2012-12-03 00:00:00+00:00,35.349998474121094,35.380001068115234,34.93000030517578,35.099998474121094,23.596906661987305,12502700.0
2012-12-04 00:00:00+00:00,35.130001068115234,35.189998626708984,34.880001068115234,34.91999816894531,23.475906372070312,5553300.0
2012-12-05 00:00:00+00:00,35.04999923706055,35.63999938964844,34.849998474121094,35.45000076293945,23.83220863342285,18669000.0
2012-12-06 00:00:00+00:00,35.31999969482422,35.65999984741211,35.31999969482422,35.43000030517578,23.81877326965332,6488700.0
2012-12-07 00:00:00+00:00,35.439998626708984,35.59000015258789,35.34000015258789,35.459999084472656,23.83893585205078,7416300.0
2012-12-10 00:00:00+00:00,35.380001068115234,35.5099983215332,35.349998474121094,35.470001220703125,23.845651626586914,4361200.0
2012-12-11 00:00:00+00:00,35.47999954223633,35.70000076293945,35.43000030517578,35.54999923706055,23.899436950683594,6449600.0
2012-12-12 00:00:00+00:00,35.54999923706055,35.779998779296875,35.459999084472656,35.4900016784668,23.859098434448242,10142200.0
2012-12-13 00:00:00+00:00,35.439998626708984,35.4900016784668,35.220001220703125,35.349998474121094,23.764986038208008,8359900.0
2012-12-14 00:00:00+00:00,35.369998931884766,35.369998931884766,35.15999984741211,35.209999084472656,23.670860290527344,6292100.0
2012-12-17 00:00:00+00:00,35.29999923706055,35.7599983215332,35.29999923706055,35.75,24.033891677856445,8595000.0
2012-12-18 00:00:00+00:00,35.689998626708984,36.06999969482422,35.68000030517578,36.0,24.201963424682617,10110500.0
2012-12-19 00:00:00+00:00,35.9900016784668,36.02000045776367,35.709999084472656,35.72999954223633,24.02045249938965,6807300.0
2012-12-20 00:00:00+00:00,35.7400016784668,35.88999938964844,35.61000061035156,35.84000015258789,24.094396591186523,9678000.0
2012-12-21 00:00:00+00:00,35.220001220703125,35.439998626708984,35.06999969482422,35.310001373291016,24.006019592285156,8669100.0
2012-12-24 00:00:00+00:00,35.25,35.33000183105469,35.0,35.15999984741211,23.90403938293457,5865800.0
2012-12-25 00:00:00+00:00,,,,,,
2012-12-26 00:00:00+00:00,35.209999084472656,35.29999923706055,34.83000183105469,34.86000061035156,23.700075149536133,5800700.0
2012-12-27 00:00:00+00:00,34.790000915527344,34.93000030517578,34.43000030517578,34.79999923706055,23.659282684326172,17724000.0
2012-12-28 00:00:00+00:00,34.66999816894531,34.88999938964844,34.439998626708984,34.45000076293945,23.421329498291016,8509200.0
2012-12-31 00:00:00+00:00,34.38999938964844,34.970001220703125,34.220001220703125,34.91999816894531,23.740869522094727,16312500.0
2013-01-01 00:00:00+00:00,,,,,,
2013-01-02 00:00:00+00:00,35.36000061035156,35.630001068115234,35.290000915527344,35.560001373291016,24.175983428955078,12795600.0
2013-01-03 00:00:00+00:00,35.560001373291016,35.689998626708984,35.459999084472656,35.560001373291016,24.175983428955078,8141500.0
2013-01-04 00:00:00+00:00,35.560001373291016,35.77000045776367,35.540000915527344,35.7400016784668,24.298362731933594,6179300.0
2013-01-07 00:00:00+00:00,35.630001068115234,35.720001220703125,35.310001373291016,35.38999938964844,24.060405731201172,8369600.0
2013-01-08 00:00:00+00:00,35.33000183105469,35.380001068115234,35.13999938964844,35.279998779296875,23.985624313354492,6426600.0
2013-01-09 00:00:00+00:00,35.34000015258789,35.36000061035156,35.09000015258789,35.209999084472656,23.938026428222656,7580400.0
2013-01-10 00:00:00+00:00,35.279998779296875,35.380001068115234,35.209999084472656,35.36000061035156,24.04001235961914,6301500.0
2013-01-11 00:00:00+00:00,35.310001373291016,35.459999084472656,35.290000915527344,35.400001525878906,24.06720542907715,8110500.0
2013-01-14 00:00:00+00:00,35.349998474121094,35.45000076293945,35.290000915527344,35.33000183105469,24.019617080688477,5644000.0
2013-01-15 00:00:00+00:00,35.290000915527344,35.45000076293945,35.20000076293945,35.43000030517578,24.08760643005371,6248300.0
2013-01-16 00:00:00+00:00,35.34000015258789,35.41999816894531,35.22999954223633,35.2599983215332,23.972023010253906,4720600.0
2013-01-17 00:00:00+00:00,35.380001068115234,35.529998779296875,35.290000915527344,35.400001525878906,24.06720542907715,5531300.0
2013-01-18 00:00:00+00:00,35.47999954223633,35.709999084472656,35.38999938964844,35.68000030517578,24.257568359375,6666700.0
2013-01-21 00:00:00+00:00,,,,,,
2013-01-22 00:00:00+00:00,35.619998931884766,36.029998779296875,35.599998474121094,35.97999954223633,24.461528778076172,6674600.0
2013-01-23 00:00:00+00:00,35.849998474121094,35.97999954223633,35.720001220703125,35.88999938964844,24.40033721923828,6173600.0
2013-01-24 00:00:00+00:00,35.959999084472656,36.15999984741211,35.91999816894531,36.04999923706055,24.50911521911621,6339600.0
2013-01-25 00:00:00+00:00,36.09000015258789,36.2599983215332,35.900001525878906,36.22999954223633,24.631492614746094,8031500.0
2013-01-28 00:00:00+00:00,36.25,36.29999923706055,36.0099983215332,36.209999084472656,24.617897033691406,7708100.0
2013-01-29 00:00:00+00:00,36.119998931884766,36.5,36.119998931884766,36.459999084472656,24.787860870361328,8711800.0
2013-01-30 00:00:00+00:00,36.40999984741211,36.56999969482422,36.380001068115234,36.4900016784668,24.808250427246094,8199800.0
2013-01-31 00:00:00+00:00,36.33000183105469,36.65999984741211,36.33000183105469,36.58000183105469,24.869447708129883,6832300.0
2013-02-01 00:00:00+00:00,36.70000076293945,36.810001373291016,36.63999938964844,36.68000030517578,24.937435150146484,7112800.0
2013-02-04 00:00:00+00:00,36.619998931884766,36.619998931884766,36.41999816894531,36.43000030517578,24.76746368408203,6295200.0
2013-02-05 00:00:00+00:00,36.599998474121094,36.72999954223633,36.52000045776367,36.529998779296875,24.835453033447266,6412100.0
2013-02-06 00:00:00+00:00,36.4900016784668,36.650001525878906,36.290000915527344,36.63999938964844,24.910234451293945,7499300.0
2013-02-07 00:00:00+00:00,36.68000030517578,36.90999984741211,36.540000915527344,36.689998626708984,24.944231033325195,8043700.0
2013-02-08 00:00:00+00:00,36.72999954223633,36.72999954223633,36.5099983215332,36.689998626708984,24.944231033325195,4843100.0
2013-02-11 00:00:00+00:00,36.709999084472656,36.810001373291016,36.63999938964844,36.779998779296875,25.005422592163086,4823000.0
2013-02-12 00:00:00+00:00,36.7599983215332,36.959999084472656,36.720001220703125,36.939998626708984,25.11420249938965,5205800.0
2013-02-13 00:00:00+00:00,36.97999954223633,37.09000015258789,36.84000015258789,36.939998626708984,25.11420249938965,4742000.0
2013-02-14 00:00:00+00:00,36.779998779296875,36.900001525878906,36.529998779296875,36.63999938964844,24.910234451293945,10253800.0
2013-02-15 00:00:00+00:00,36.709999084472656,36.779998779296875,36.63999938964844,36.720001220703125,24.964622497558594,5242500.0
2013-02-18 00:00:00+00:00,,,,,,
2013-02-19 00:00:00+00:00,36.68000030517578,37.099998474121094,36.68000030517578,37.040000915527344,25.182186126708984,9467000.0
2013-02-20 00:00:00+00:00,37.060001373291016,37.279998779296875,36.959999084472656,36.970001220703125,25.134593963623047,8172800.0
2013-02-21 00:00:00+00:00,36.880001068115234,37.02000045776367,36.779998779296875,36.810001373291016,25.025815963745117,9037900.0
2013-02-22 00:00:00+00:00,36.939998626708984,37.20000076293945,36.849998474121094,37.18000030517578,25.277366638183594,6091500.0
2013-02-25 00:00:00+00:00,37.279998779296875,37.56999969482422,36.810001373291016,36.849998474121094,25.053007125854492,9812500.0
2013-02-26 00:00:00+00:00,36.88999938964844,37.15999984741211,36.790000915527344,36.959999084472656,25.127790451049805,9669200.0
2013-02-27 00:00:00+00:00,37.0,37.40999984741211,36.97999954223633,37.29999923706055,25.358938217163086,6007700.0
2013-02-28 00:00:00+00:00,37.349998474121094,37.58000183105469,37.2400016784668,37.43000030517578,25.447324752807617,8977600.0
2013-03-01 00:00:00+00:00,37.290000915527344,37.52000045776367,37.119998931884766,37.5,25.494915008544922,5718500.0
2013-03-04 00:00:00+00:00,37.439998626708984,37.93000030517578,37.400001525878906,37.880001068115234,25.753259658813477,7640300.0
2013-03-05 00:00:00+00:00,37.959999084472656,38.18000030517578,37.91999816894531,38.08000183105469,25.88924217224121,5814000.0
2013-03-06 00:00:00+00:00,38.150001525878906,38.189998626708984,37.95000076293945,38.060001373291016,25.875646591186523,5417600.0
2013-03-07 00:00:00+00:00,38.060001373291016,38.15999984741211,37.880001068115234,37.88999938964844,25.76006507873535,8002900.0
2013-03-08 00:00:00+00:00,38.0,38.040000915527344,37.689998626708984,37.970001220703125,25.814451217651367,11438400.0
2013-03-11 00:00:00+00:00,37.9900016784668,38.119998931884766,37.900001525878906,38.060001373291016,25.875646591186523,3261300.0
2013-03-12 00:00:00+00:00,38.13999938964844,38.13999938964844,37.83000183105469,37.959999084472656,25.807653427124023,5027900.0
2013-03-13 00:00:00+00:00,37.86000061035156,38.150001525878906,37.86000061035156,38.130001068115234,25.92323875427246,4639100.0
2013-03-14 00:00:00+00:00,38.09000015258789,38.22999954223633,38.040000915527344,38.209999084472656,25.97762107849121,7328700.0
2013-03-15 00:00:00+00:00,37.880001068115234,38.15999984741211,37.7599983215332,38.130001068115234,26.14838218688965,13152700.0
2013-03-18 00:00:00+00:00,37.91999816894531,38.09000015258789,37.86000061035156,37.91999816894531,26.004364013671875,5023100.0
2013-03-19 00:00:00+00:00,37.939998626708984,38.150001525878906,37.83000183105469,38.02000045776367,26.072952270507812,7788700.0
2013-03-20 00:00:00+00:00,38.189998626708984,38.36000061035156,38.06999969482422,38.29999923706055,26.26495933532715,6426700.0
2013-03-21 00:00:00+00:00,38.189998626708984,38.279998779296875,38.060001373291016,38.11000061035156,26.13466453552246,6005000.0
2013-03-22 00:00:00+00:00,38.20000076293945,38.279998779296875,38.06999969482422,38.16999816894531,26.175809860229492,2331800.0
2013-03-25 00:00:00+00:00,38.400001525878906,38.43000030517578,37.93000030517578,38.09000015258789,26.12094497680664,6639000.0
2013-03-26 00:00:00+00:00,38.150001525878906,38.47999954223633,38.150001525878906,38.45000076293945,26.367826461791992,5875700.0
2013-03-27 00:00:00+00:00,38.310001373291016,38.650001525878906,38.279998779296875,38.630001068115234,26.49126434326172,5406700.0
2013-03-28 00:00:00+00:00,38.650001525878906,39.13999938964844,38.630001068115234,39.099998474121094,26.81357765197754,7197200.0
2013-03-29 00:00:00+00:00,,,,,,
2013-04-01 00:00:00+00:00,39.099998474121094,39.099998474121094,38.90999984741211,39.0099983215332,26.751855850219727,4254400.0
2013-04-02 00:00:00+00:00,39.150001525878906,39.279998779296875,39.040000915527344,39.13999938964844,26.84101104736328,8030300.0
2013-04-03 00:00:00+00:00,39.20000076293945,39.29999923706055,38.970001220703125,39.029998779296875,26.765573501586914,5663600.0
2013-04-04 00:00:00+00:00,39.119998931884766,39.43000030517578,39.099998474121094,39.400001525878906,27.019306182861328,5271700.0
2013-04-05 00:00:00+00:00,39.220001220703125,39.630001068115234,39.119998931884766,39.56999969482422,27.13589096069336,7452900.0
2013-04-08 00:00:00+00:00,39.619998931884766,39.900001525878906,39.40999984741211,39.869998931884766,27.34162139892578,5843200.0
2013-04-09 00:00:00+00:00,39.93000030517578,39.97999954223633,39.720001220703125,39.75,27.259319305419922,7403200.0
2013-04-10 00:00:00+00:00,39.849998474121094,40.16999816894531,39.84000015258789,40.06999969482422,27.478778839111328,4833000.0
2013-04-11 00:00:00+00:00,40.15999984741211,40.2599983215332,40.060001373291016,40.15999984741211,27.540502548217773,7592000.0
2013-04-12 00:00:00+00:00,40.08000183105469,40.33000183105469,40.0,40.33000183105469,27.657068252563477,5336900.0
2013-04-15 00:00:00+00:00,40.16999816894531,40.38999938964844,39.75,39.75,27.259319305419922,10644500.0
2013-04-16 00:00:00+00:00,39.93000030517578,40.22999954223633,39.61000061035156,40.22999954223633,27.58849334716797,5570500.0
2013-04-17 00:00:00+00:00,40.040000915527344,40.13999938964844,39.72999954223633,40.0,27.430767059326172,8892800.0
2013-04-18 00:00:00+00:00,40.029998779296875,40.22999954223633,39.939998626708984,40.130001068115234,27.51991844177246,6276100.0
2013-04-19 00:00:00+00:00,40.150001525878906,40.7400016784668,40.150001525878906,40.72999954223633,27.93138313293457,11669600.0
2013-04-22 00:00:00+00:00,40.77000045776367,40.86000061035156,40.459999084472656,40.68000030517578,27.897090911865234,7001300.0
2013-04-23 00:00:00+00:00,40.7400016784668,40.79999923706055,40.459999084472656,40.779998779296875,27.965669631958008,11780800.0
2013-04-24 00:00:00+00:00,40.779998779296875,41.06999969482422,40.58000183105469,40.90999984741211,28.054819107055664,10553000.0
2013-04-25 00:00:00+00:00,41.02000045776367,41.09000015258789,40.77000045776367,40.91999816894531,28.061668395996094,9954200.0
2013-04-26 00:00:00+00:00,40.79999923706055,41.15999984741211,40.79999923706055,40.97999954223633,28.102821350097656,5943100.0
2013-04-29 00:00:00+00:00,41.130001068115234,41.380001068115234,40.93000030517578,41.31999969482422,28.335981369018555,5835800.0
2013-04-30 00:00:00+00:00,41.279998779296875,41.439998626708984,41.189998626708984,41.43000030517578,28.41141128540039,7818300.0
2013-05-01 00:00:00+00:00,41.369998931884766,41.41999816894531,40.959999084472656,41.02000045776367,28.130264282226562,10367400.0
2013-05-02 00:00:00+00:00,40.97999954223633,41.11000061035156,40.7400016784668,40.970001220703125,28.095972061157227,8834400.0
2013-05-03 00:00:00+00:00,41.16999816894531,41.25,40.81999969482422,40.88999938964844,28.041099548339844,14986900.0
2013-05-06 00:00:00+00:00,40.84000015258789,40.869998931884766,40.310001373291016,40.31999969482422,27.650211334228516,14739400.0
2013-05-07 00:00:00+00:00,40.369998931884766,40.709999084472656,40.33000183105469,40.709999084472656,27.917665481567383,7291200.0
2013-05-08 00:00:00+00:00,40.619998931884766,40.72999954223633,40.220001220703125,40.349998474121094,27.670787811279297,7172500.0
2013-05-09 00:00:00+00:00,40.38999938964844,40.43000030517578,39.61000061035156,39.7400016784668,27.25247573852539,19701500.0
2013-05-10 00:00:00+00:00,39.7400016784668,39.86000061035156,39.459999084472656,39.83000183105469,27.31418800354004,10528800.0
2013-05-13 00:00:00+00:00,39.70000076293945,39.75,39.47999954223633,39.619998931884766,27.170177459716797,12325200.0
2013-05-14 00:00:00+00:00,39.650001525878906,40.060001373291016,39.56999969482422,39.88999938964844,27.355335235595703,12347600.0
2013-05-15 00:00:00+00:00,39.869998931884766,40.54999923706055,39.79999923706055,40.27000045776367,27.615928649902344,10773400.0
2013-05-16 00:00:00+00:00,40.15999984741211,40.209999084472656,39.880001068115234,39.939998626708984,27.389619827270508,10055600.0
2013-05-17 00:00:00+00:00,39.97999954223633,40.36000061035156,39.90999984741211,40.31999969482422,27.650211334228516,9051700.0
2013-05-20 00:00:00+00:00,40.369998931884766,40.38999938964844,40.04999923706055,40.119998931884766,27.513050079345703,11337700.0
2013-05-21 00:00:00+00:00,40.16999816894531,40.34000015258789,39.90999984741211,40.20000076293945,27.56791877746582,9014300.0
2013-05-22 00:00:00+00:00,40.099998474121094,40.540000915527344,39.380001068115234,39.52000045776367,27.101598739624023,24962800.0
2013-05-23 00:00:00+00:00,39.2599983215332,39.40999984741211,38.66999816894531,39.25,26.91644859313965,24046300.0
2013-05-24 00:00:00+00:00,39.15999984741211,39.15999984741211,38.70000076293945,38.83000183105469,26.6284236907959,9968500.0
2013-05-27 00:00:00+00:00,,,,,,
2013-05-28 00:00:00+00:00,38.599998474121094,38.84000015258789,38.209999084472656,38.380001068115234,26.319826126098633,24036800.0
2013-05-29 00:00:00+00:00,38.13999938964844,38.18000030517578,37.459999084472656,37.810001373291016,25.928932189941406,31539100.0
2013-05-30 00:00:00+00:00,38.18000030517578,38.540000915527344,37.88999938964844,37.90999984741211,25.997509002685547,17133700.0
2013-05-31 00:00:00+00:00,37.79999923706055,38.41999816894531,37.66999816894531,37.68000030517578,25.83978843688965,28508600.0
2013-06-03 00:00:00+00:00,37.689998626708984,38.040000915527344,37.279998779296875,37.7599983215332,25.89464569091797,31993800.0
2013-06-04 00:00:00+00:00,37.70000076293945,37.79999923706055,37.369998931884766,37.630001068115234,25.805496215820312,14559900.0
2013-06-05 00:00:00+00:00,37.54999923706055,37.560001373291016,37.20000076293945,37.29999923706055,25.579187393188477,15436100.0
2013-06-06 00:00:00+00:00,37.290000915527344,37.7599983215332,37.2400016784668,37.7400016784668,25.88092613220215,18761700.0
2013-06-07 00:00:00+00:00,37.68000030517578,38.18000030517578,37.650001525878906,37.970001220703125,26.03865623474121,15375300.0
2013-06-10 00:00:00+00:00,38.099998474121094,38.130001068115234,37.79999923706055,37.959999084472656,26.03179168701172,9931500.0
2013-06-11 00:00:00+00:00,37.7400016784668,38.040000915527344,37.59000015258789,37.709999084472656,25.860353469848633,11180000.0
2013-06-12 00:00:00+00:00,37.900001525878906,37.9900016784668,37.25,37.34000015258789,25.606618881225586,10092000.0
2013-06-13 00:00:00+00:00,37.25,37.97999954223633,37.209999084472656,37.95000076293945,26.02493667602539,16735500.0
2013-06-14 00:00:00+00:00,37.90999984741211,38.20000076293945,37.900001525878906,38.0,26.05923080444336,11424500.0
2013-06-17 00:00:00+00:00,38.150001525878906,38.40999984741211,37.939998626708984,38.119998931884766,26.141521453857422,12428800.0
2013-06-18 00:00:00+00:00,38.20000076293945,38.43000030517578,38.02000045776367,38.380001068115234,26.319826126098633,11686600.0
2013-06-19 00:00:00+00:00,38.29999923706055,38.45000076293945,37.4900016784668,37.5,25.716341018676758,22777500.0
2013-06-20 00:00:00+00:00,37.2400016784668,37.27000045776367,36.36000061035156,36.439998626708984,24.989429473876953,25649300.0
2013-06-21 00:00:00+00:00,36.349998474121094,36.75,35.79999923706055,36.540000915527344,25.31574821472168,20070100.0
2013-06-24 00:00:00+00:00,36.2400016784668,36.790000915527344,35.97999954223633,36.5099983215332,25.294963836669922,20405500.0
2013-06-25 00:00:00+00:00,36.83000183105469,37.099998474121094,36.47999954223633,36.9900016784668,25.627513885498047,9478700.0
2013-06-26 00:00:00+00:00,37.209999084472656,37.58000183105469,37.119998931884766,37.459999084472656,25.953147888183594,11211900.0
2013-06-27 00:00:00+00:00,37.59000015258789,37.900001525878906,37.459999084472656,37.540000915527344,26.00857925415039,8178600.0
2013-06-28 00:00:00+00:00,37.41999816894531,37.83000183105469,37.27000045776367,37.630001068115234,26.07093048095703,9760500.0
2013-07-01 00:00:00+00:00,37.619998931884766,37.95000076293945,37.040000915527344,37.15999984741211,25.745302200317383,12558800.0
2013-07-02 00:00:00+00:00,37.20000076293945,37.41999816894531,37.0,37.150001525878906,25.738378524780273,10093100.0
2013-07-03 00:00:00+00:00,36.970001220703125,37.189998626708984,36.880001068115234,37.0099983215332,25.641376495361328,5705300.0
2013-07-04 00:00:00+00:00,,,,,,
2013-07-05 00:00:00+00:00,37.130001068115234,37.130001068115234,36.5099983215332,36.900001525878906,25.565168380737305,13631600.0
2013-07-08 00:00:00+00:00,37.0099983215332,37.529998779296875,36.939998626708984,37.43000030517578,25.93235206604004,10398100.0
2013-07-09 00:00:00+00:00,37.560001373291016,37.779998779296875,37.47999954223633,37.70000076293945,26.119426727294922,7491300.0
2013-07-10 00:00:00+00:00,37.630001068115234,38.0,37.529998779296875,37.90999984741211,26.26491355895996,8834100.0
2013-07-11 00:00:00+00:00,38.25,38.540000915527344,38.20000076293945,38.52000045776367,26.68754005432129,10853200.0
2013-07-12 00:00:00+00:00,38.439998626708984,38.689998626708984,38.2599983215332,38.63999938964844,26.77066993713379,7823700.0
2013-07-15 00:00:00+00:00,38.630001068115234,39.31999969482422,38.540000915527344,39.27000045776367,27.2071533203125,12356900.0
2013-07-16 00:00:00+00:00,39.2599983215332,39.310001373291016,38.86000061035156,39.060001373291016,27.06167221069336,10368500.0
2013-07-17 00:00:00+00:00,39.189998626708984,39.290000915527344,38.880001068115234,39.040000915527344,27.047805786132812,8810200.0
2013-07-18 00:00:00+00:00,39.099998474121094,39.45000076293945,39.08000183105469,39.380001068115234,27.28336524963379,7629600.0
2013-07-19 00:00:00+00:00,39.349998474121094,39.5099983215332,39.25,39.38999938964844,27.290285110473633,7016200.0
2013-07-22 00:00:00+00:00,39.31999969482422,39.5,39.310001373291016,39.349998474121094,27.26258659362793,5257600.0
2013-07-23 00:00:00+00:00,39.349998474121094,39.58000183105469,39.2599983215332,39.45000076293945,27.33186149597168,4999800.0
2013-07-24 00:00:00+00:00,39.439998626708984,39.439998626708984,38.70000076293945,38.849998474121094,26.916168212890625,8847600.0
2013-07-25 00:00:00+00:00,38.849998474121094,39.220001220703125,38.83000183105469,39.209999084472656,27.165592193603516,10406400.0
2013-07-26 00:00:00+00:00,39.09000015258789,39.36000061035156,38.869998931884766,39.349998474121094,27.26258659362793,7009700.0
2013-07-29 00:00:00+00:00,39.209999084472656,39.58000183105469,39.189998626708984,39.41999816894531,27.31108283996582,6508400.0
2013-07-30 00:00:00+00:00,39.47999954223633,39.810001373291016,39.43000030517578,39.54999923706055,27.401142120361328,8857900.0
2013-07-31 00:00:00+00:00,39.38999938964844,39.47999954223633,39.06999969482422,39.2599983215332,27.20023536682129,16081600.0
2013-08-01 00:00:00+00:00,39.349998474121094,39.63999938964844,39.2599983215332,39.59000015258789,27.42886734008789,9674800.0
2013-08-02 00:00:00+00:00,39.61000061035156,39.65999984741211,39.31999969482422,39.540000915527344,27.394222259521484,7804200.0
2013-08-05 00:00:00+00:00,39.400001525878906,39.470001220703125,39.279998779296875,39.279998779296875,27.214086532592773,5544300.0
2013-08-06 00:00:00+00:00,39.310001373291016,39.310001373291016,39.0,39.08000183105469,27.075529098510742,10564900.0
2013-08-07 00:00:00+00:00,38.86000061035156,39.33000183105469,38.79999923706055,39.2599983215332,27.20023536682129,7713900.0
2013-08-08 00:00:00+00:00,39.290000915527344,39.540000915527344,39.16999816894531,39.40999984741211,27.304155349731445,7685500.0
2013-08-09 00:00:00+00:00,39.349998474121094,39.470001220703125,39.119998931884766,39.13999938964844,27.11708641052246,6324700.0
2013-08-12 00:00:00+00:00,38.959999084472656,39.060001373291016,38.79999923706055,38.93000030517578,26.97159767150879,5620000.0
2013-08-13 00:00:00+00:00,38.900001525878906,38.959999084472656,38.66999816894531,38.720001220703125,26.82610511779785,9840200.0
2013-08-14 00:00:00+00:00,38.63999938964844,38.709999084472656,38.27000045776367,38.470001220703125,26.65289306640625,8656100.0
2013-08-15 00:00:00+00:00,38.130001068115234,38.33000183105469,37.90999984741211,37.97999954223633,26.31340980529785,10102400.0
2013-08-16 00:00:00+00:00,37.93000030517578,37.939998626708984,37.34000015258789,37.540000915527344,26.00857925415039,16942100.0
2013-08-19 00:00:00+00:00,37.560001373291016,37.70000076293945,37.15999984741211,37.220001220703125,25.786874771118164,12214100.0
2013-08-20 00:00:00+00:00,37.29999923706055,37.869998931884766,37.220001220703125,37.56999969482422,26.029356002807617,13583500.0
2013-08-21 00:00:00+00:00,37.5,37.5099983215332,36.97999954223633,37.13999938964844,25.731447219848633,12319700.0
2013-08-22 00:00:00+00:00,37.2400016784668,37.47999954223633,37.099998474121094,37.349998474121094,25.876934051513672,8168500.0
2013-08-23 00:00:00+00:00,37.45000076293945,37.7599983215332,37.27000045776367,37.65999984741211,26.091711044311523,7579600.0
2013-08-26 00:00:00+00:00,37.61000061035156,37.720001220703125,37.34000015258789,37.380001068115234,25.897727966308594,6576200.0
2013-08-27 00:00:00+00:00,37.13999938964844,37.56999969482422,37.09000015258789,37.36000061035156,25.88386344909668,9116900.0
2013-08-28 00:00:00+00:00,37.36000061035156,37.619998931884766,37.189998626708984,37.4900016784668,25.973928451538086,8254900.0
2013-08-29 00:00:00+00:00,37.45000076293945,37.5,37.20000076293945,37.27000045776367,25.82151222229004,6093000.0
2013-08-30 00:00:00+00:00,37.310001373291016,37.5099983215332,37.15999984741211,37.29999923706055,25.8422908782959,7867100.0
2013-09-02 00:00:00+00:00,,,,,,
2013-09-03 00:00:00+00:00,37.45000076293945,37.630001068115234,36.81999969482422,36.869998931884766,25.544382095336914,11969200.0
2013-09-04 00:00:00+00:00,36.880001068115234,36.97999954223633,36.54999923706055,36.869998931884766,25.544382095336914,7318400.0
2013-09-05 00:00:00+00:00,36.810001373291016,36.959999084472656,36.630001068115234,36.720001220703125,25.44045639038086,8772800.0
2013-09-06 00:00:00+00:00,36.959999084472656,37.220001220703125,36.900001525878906,36.97999954223633,25.62058448791504,10933400.0
2013-09-09 00:00:00+00:00,37.029998779296875,37.15999984741211,36.849998474121094,37.11000061035156,25.710664749145508,6507800.0
2013-09-10 00:00:00+00:00,37.22999954223633,37.400001525878906,37.09000015258789,37.400001525878906,25.91158103942871,8344400.0
2013-09-11 00:00:00+00:00,37.38999938964844,37.41999816894531,36.849998474121094,37.029998779296875,25.655235290527344,24753000.0
2013-09-12 00:00:00+00:00,37.22999954223633,37.36000061035156,36.88999938964844,36.93000030517578,25.5859432220459,18819100.0
2013-09-13 00:00:00+00:00,37.029998779296875,37.29999923706055,37.029998779296875,37.209999084472656,25.77994728088379,10382500.0
2013-09-16 00:00:00+00:00,37.63999938964844,37.869998931884766,37.2400016784668,37.310001373291016,25.849227905273438,25215300.0
2013-09-17 00:00:00+00:00,37.310001373291016,37.56999969482422,37.310001373291016,37.529998779296875,26.00164794921875,9723500.0
2013-09-18 00:00:00+00:00,37.459999084472656,38.810001373291016,37.38999938964844,38.650001525878906,26.777620315551758,29503800.0
2013-09-19 00:00:00+00:00,38.75,38.900001525878906,38.33000183105469,38.470001220703125,26.65289306640625,20019300.0
2013-09-20 00:00:00+00:00,38.130001068115234,38.16999816894531,37.5099983215332,37.529998779296875,26.25071144104004,18840200.0
2013-09-23 00:00:00+00:00,37.540000915527344,38.130001068115234,37.349998474121094,37.97999954223633,26.56546974182129,15388100.0
2013-09-24 00:00:00+00:00,38.0,38.08000183105469,37.83000183105469,37.959999084472656,26.55147933959961,11971700.0
2013-09-25 00:00:00+00:00,38.0,38.099998474121094,37.68000030517578,37.70000076293945,26.369613647460938,13861900.0
2013-09-26 00:00:00+00:00,37.7599983215332,37.880001068115234,37.5099983215332,37.650001525878906,26.33464813232422,8567700.0
2013-09-27 00:00:00+00:00,37.59000015258789,37.720001220703125,37.279998779296875,37.40999984741211,26.166772842407227,7637800.0
2013-09-30 00:00:00+00:00,37.27000045776367,37.47999954223633,37.18000030517578,37.369998931884766,26.1387882232666,9595800.0
2013-10-01 00:00:00+00:00,37.4900016784668,37.61000061035156,37.349998474121094,37.47999954223633,26.215736389160156,7856800.0
2013-10-02 00:00:00+00:00,37.36000061035156,37.61000061035156,37.220001220703125,37.52000045776367,26.24371337890625,9614100.0
2013-10-03 00:00:00+00:00,37.459999084472656,37.459999084472656,36.939998626708984,37.08000183105469,25.93594741821289,9304000.0
2013-10-04 00:00:00+00:00,37.119998931884766,37.290000915527344,37.029998779296875,37.150001525878906,25.98491668701172,4457000.0
2013-10-07 00:00:00+00:00,37.0,37.290000915527344,36.90999984741211,36.970001220703125,25.859010696411133,5136100.0
2013-10-08 00:00:00+00:00,37.040000915527344,37.52000045776367,36.9900016784668,37.22999954223633,26.040874481201172,12256600.0
2013-10-09 00:00:00+00:00,37.290000915527344,37.900001525878906,37.209999084472656,37.380001068115234,26.14578628540039,14318800.0
2013-10-10 00:00:00+00:00,37.59000015258789,38.0,37.20000076293945,37.939998626708984,26.537485122680664,11698400.0
2013-10-11 00:00:00+00:00,37.88999938964844,38.189998626708984,37.790000915527344,38.119998931884766,26.66339683532715,6908600.0
2013-10-14 00:00:00+00:00,38.0,38.0,37.380001068115234,37.90999984741211,26.516504287719727,26340800.0
2013-10-15 00:00:00+00:00,37.90999984741211,37.90999984741211,37.310001373291016,37.380001068115234,26.14578628540039,11996100.0
2013-10-16 00:00:00+00:00,37.540000915527344,37.7400016784668,37.380001068115234,37.720001220703125,26.383609771728516,12875100.0
2013-10-17 00:00:00+00:00,37.61000061035156,38.40999984741211,37.41999816894531,38.33000183105469,26.810283660888672,16082200.0
2013-10-18 00:00:00+00:00,38.459999084472656,38.56999969482422,38.290000915527344,38.43000030517578,26.88022232055664,10977100.0
2013-10-21 00:00:00+00:00,38.43000030517578,38.4900016784668,38.18000030517578,38.349998474121094,26.82426643371582,7401900.0
2013-10-22 00:00:00+00:00,38.529998779296875,38.9900016784668,38.369998931884766,38.84000015258789,27.1669979095459,19630200.0
2013-10-23 00:00:00+00:00,38.77000045776367,39.29999923706055,38.77000045776367,38.869998931884766,27.187978744506836,14171300.0
2013-10-24 00:00:00+00:00,39.0099983215332,39.0099983215332,38.59000015258789,38.790000915527344,27.13202667236328,7866600.0
2013-10-25 00:00:00+00:00,38.7599983215332,39.22999954223633,38.599998474121094,39.20000076293945,27.4188175201416,6550100.0
2013-10-28 00:00:00+00:00,39.18000030517578,39.349998474121094,38.97999954223633,39.119998931884766,27.36284637451172,9821200.0
2013-10-29 00:00:00+00:00,39.11000061035156,39.27000045776367,39.02000045776367,39.16999816894531,27.397825241088867,7922000.0
2013-10-30 00:00:00+00:00,39.2400016784668,39.45000076293945,38.880001068115234,38.91999816894531,27.222949981689453,12317800.0
2013-10-31 00:00:00+00:00,38.779998779296875,39.040000915527344,38.33000183105469,38.779998779296875,27.125038146972656,16903000.0
2013-11-01 00:00:00+00:00,38.81999969482422,39.18000030517578,38.79999923706055,39.060001373291016,27.320886611938477,12356900.0
2013-11-04 00:00:00+00:00,39.189998626708984,39.220001220703125,38.79999923706055,39.13999938964844,27.376840591430664,6215400.0
2013-11-05 00:00:00+00:00,39.09000015258789,39.400001525878906,38.86000061035156,38.86000061035156,27.180986404418945,10733200.0
2013-11-06 00:00:00+00:00,38.900001525878906,39.40999984741211,38.900001525878906,39.38999938964844,27.55170249938965,10117700.0
2013-11-07 00:00:00+00:00,39.43000030517578,39.61000061035156,38.95000076293945,39.02000045776367,27.292909622192383,12396700.0
2013-11-08 00:00:00+00:00,38.7400016784668,38.959999084472656,38.2599983215332,38.95000076293945,27.243947982788086,19988600.0
2013-11-11 00:00:00+00:00,38.95000076293945,39.15999984741211,38.7400016784668,38.939998626708984,27.236942291259766,7459700.0
2013-11-12 00:00:00+00:00,38.84000015258789,38.939998626708984,38.41999816894531,38.61000061035156,27.006126403808594,11242200.0
2013-11-13 00:00:00+00:00,38.369998931884766,38.79999923706055,38.18000030517578,38.79999923706055,27.139026641845703,9596500.0
2013-11-14 00:00:00+00:00,38.91999816894531,39.279998779296875,38.83000183105469,39.13999938964844,27.376840591430664,18829300.0
2013-11-15 00:00:00+00:00,39.04999923706055,39.369998931884766,39.0,39.369998931884766,27.5377197265625,7791700.0
2013-11-18 00:00:00+00:00,39.439998626708984,39.470001220703125,39.16999816894531,39.31999969482422,27.502744674682617,12206300.0
2013-11-19 00:00:00+00:00,39.150001525878906,39.290000915527344,38.95000076293945,39.029998779296875,27.299901962280273,10079600.0
2013-11-20 00:00:00+00:00,38.9900016784668,39.209999084472656,38.560001373291016,38.599998474121094,26.99913215637207,15244000.0
2013-11-21 00:00:00+00:00,38.630001068115234,38.90999984741211,38.5,38.689998626708984,27.062074661254883,7968100.0
2013-11-22 00:00:00+00:00,38.63999938964844,38.779998779296875,38.47999954223633,38.65999984741211,27.04110336303711,6864900.0
2013-11-25 00:00:00+00:00,38.689998626708984,38.779998779296875,38.5,38.5099983215332,26.936180114746094,6967400.0
2013-11-26 00:00:00+00:00,38.470001220703125,38.529998779296875,38.11000061035156,38.130001068115234,26.670379638671875,11718900.0
2013-11-27 00:00:00+00:00,38.16999816894531,38.220001220703125,37.88999938964844,38.04999923706055,26.614423751831055,8469300.0
2013-11-28 00:00:00+00:00,,,,,,
2013-11-29 00:00:00+00:00,38.02000045776367,38.27000045776367,37.93000030517578,38.029998779296875,26.600440979003906,2943500.0
2013-12-02 00:00:00+00:00,38.08000183105469,38.150001525878906,37.66999816894531,37.869998931884766,26.488521575927734,7179400.0
2013-12-03 00:00:00+00:00,37.81999969482422,38.119998931884766,37.68000030517578,38.060001373291016,26.62142562866211,9868200.0
2013-12-04 00:00:00+00:00,37.86000061035156,38.25,37.7599983215332,38.22999954223633,26.740341186523438,7393900.0
2013-12-05 00:00:00+00:00,38.04999923706055,38.119998931884766,37.869998931884766,37.91999816894531,26.52350425720215,9726300.0
2013-12-06 00:00:00+00:00,38.04999923706055,38.52000045776367,38.0,38.439998626708984,26.887218475341797,7415300.0
2013-12-09 00:00:00+00:00,38.5,38.5,38.04999923706055,38.209999084472656,26.726343154907227,7241900.0
2013-12-10 00:00:00+00:00,38.220001220703125,38.22999954223633,37.77000045776367,37.83000183105469,26.46055793762207,9598000.0
2013-12-11 00:00:00+00:00,37.779998779296875,37.83000183105469,37.470001220703125,37.52000045776367,26.24371337890625,8718000.0
2013-12-12 00:00:00+00:00,37.54999923706055,37.81999969482422,37.5,37.56999969482422,26.2786865234375,7757400.0
2013-12-13 00:00:00+00:00,37.619998931884766,38.16999816894531,37.41999816894531,37.5099983215332,26.236724853515625,6196200.0
2013-12-16 00:00:00+00:00,37.599998474121094,37.970001220703125,37.599998474121094,37.709999084472656,26.376611709594727,9674200.0
2013-12-17 00:00:00+00:00,37.61000061035156,37.779998779296875,37.470001220703125,37.63999938964844,26.327651977539062,5689600.0
2013-12-18 00:00:00+00:00,37.65999984741211,38.18000030517578,37.25,38.13999938964844,26.677379608154297,19247200.0
2013-12-19 00:00:00+00:00,38.060001373291016,38.060001373291016,37.52000045776367,37.86000061035156,26.481531143188477,16073200.0
2013-12-20 00:00:00+00:00,37.5,37.9900016784668,37.5,37.83000183105469,26.743824005126953,15367900.0
2013-12-23 00:00:00+00:00,38.040000915527344,38.040000915527344,37.66999816894531,37.68000030517578,26.637767791748047,16915600.0
2013-12-24 00:00:00+00:00,37.650001525878906,37.93000030517578,37.5,37.83000183105469,26.743824005126953,4937200.0
2013-12-25 00:00:00+00:00,,,,,,
2013-12-26 00:00:00+00:00,37.869998931884766,37.900001525878906,37.59000015258789,37.65999984741211,26.623626708984375,10308200.0
2013-12-27 00:00:00+00:00,37.630001068115234,37.900001525878906,37.630001068115234,37.810001373291016,26.72966957092285,12797600.0
2013-12-30 00:00:00+00:00,37.72999954223633,37.97999954223633,37.72999954223633,37.900001525878906,26.79329490661621,5664400.0
2013-12-31 00:00:00+00:00,37.869998931884766,38.029998779296875,37.83000183105469,37.970001220703125,26.84278106689453,7021800.0
2014-01-01 00:00:00+00:00,,,,,,
2014-01-02 00:00:00+00:00,37.91999816894531,37.9900016784668,37.34000015258789,37.38999938964844,26.432748794555664,20415200.0
2014-01-03 00:00:00+00:00,37.45000076293945,37.4900016784668,37.11000061035156,37.27000045776367,26.347911834716797,13766800.0
2014-01-06 00:00:00+00:00,37.279998779296875,37.439998626708984,37.15999984741211,37.33000183105469,26.390335083007812,11236100.0
2014-01-07 00:00:00+00:00,37.47999954223633,37.689998626708984,37.36000061035156,37.65999984741211,26.623626708984375,8648200.0
2014-01-08 00:00:00+00:00,37.58000183105469,37.630001068115234,37.36000061035156,37.459999084472656,26.482234954833984,14376400.0
2014-01-09 00:00:00+00:00,37.59000015258789,37.70000076293945,37.400001525878906,37.68000030517578,26.637767791748047,9369300.0
2014-01-10 00:00:00+00:00,37.91999816894531,38.4900016784668,37.86000061035156,38.220001220703125,27.01952362060547,26524100.0
2014-01-13 00:00:00+00:00,38.189998626708984,38.22999954223633,37.790000915527344,37.83000183105469,26.743824005126953,12417000.0
2014-01-14 00:00:00+00:00,37.88999938964844,38.040000915527344,37.7599983215332,37.880001068115234,26.779151916503906,7674100.0
2014-01-15 00:00:00+00:00,37.849998474121094,37.9900016784668,37.77000045776367,37.810001373291016,26.72966957092285,5951900.0
2014-01-16 00:00:00+00:00,37.7599983215332,38.08000183105469,37.7599983215332,38.06999969482422,26.913476943969727,8357500.0
2014-01-17 00:00:00+00:00,38.08000183105469,38.150001525878906,37.970001220703125,38.060001373291016,26.90640640258789,4316300.0
2014-01-20 00:00:00+00:00,,,,,,
2014-01-21 00:00:00+00:00,38.20000076293945,38.5,38.15999984741211,38.47999954223633,27.203327178955078,5727700.0
2014-01-22 00:00:00+00:00,38.5,38.63999938964844,38.40999984741211,38.52000045776367,27.231599807739258,7474700.0
2014-01-23 00:00:00+00:00,38.45000076293945,38.5,38.189998626708984,38.40999984741211,27.153837203979492,9423900.0
2014-01-24 00:00:00+00:00,38.34000015258789,38.560001373291016,37.97999954223633,37.97999954223633,26.849853515625,15017600.0
2014-01-27 00:00:00+00:00,38.04999923706055,38.22999954223633,37.93000030517578,38.06999969482422,26.913476943969727,8421800.0
2014-01-28 00:00:00+00:00,38.16999816894531,38.22999954223633,38.02000045776367,38.209999084472656,27.012447357177734,7901600.0
2014-01-29 00:00:00+00:00,38.04999923706055,38.369998931884766,38.029998779296875,38.189998626708984,26.998310089111328,11042600.0
2014-01-30 00:00:00+00:00,38.25,38.83000183105469,38.25,38.779998779296875,27.415409088134766,8401900.0
2014-01-31 00:00:00+00:00,38.54999923706055,39.18000030517578,38.38999938964844,39.099998474121094,27.641630172729492,14013600.0
2014-02-03 00:00:00+00:00,39.18000030517578,39.61000061035156,38.7400016784668,38.790000915527344,27.42247772216797,20555400.0
2014-02-04 00:00:00+00:00,38.97999954223633,38.97999954223633,38.38999938964844,38.560001373291016,27.25988006591797,10911900.0
2014-02-05 00:00:00+00:00,38.47999954223633,38.540000915527344,38.2599983215332,38.38999938964844,27.139698028564453,7811200.0
2014-02-06 00:00:00+00:00,38.45000076293945,38.689998626708984,38.31999969482422,38.66999816894531,27.337644577026367,10539100.0
2014-02-07 00:00:00+00:00,38.790000915527344,38.90999984741211,38.63999938964844,38.880001068115234,27.48610496520996,10061000.0
2014-02-10 00:00:00+00:00,38.7400016784668,39.189998626708984,38.630001068115234,39.16999816894531,27.691125869750977,7326400.0
2014-02-11 00:00:00+00:00,39.18000030517578,39.66999816894531,39.11000061035156,39.540000915527344,27.95269203186035,10098200.0
2014-02-12 00:00:00+00:00,39.529998779296875,39.65999984741211,39.349998474121094,39.59000015258789,27.988039016723633,5818900.0
2014-02-13 00:00:00+00:00,39.43000030517578,40.060001373291016,39.40999984741211,40.02000045776367,28.292022705078125,8209100.0
2014-02-14 00:00:00+00:00,39.93000030517578,40.310001373291016,39.849998474121094,40.279998779296875,28.475828170776367,7239400.0
2014-02-17 00:00:00+00:00,,,,,,
2014-02-18 00:00:00+00:00,40.380001068115234,40.54999923706055,40.29999923706055,40.41999816894531,28.574796676635742,9736200.0
2014-02-19 00:00:00+00:00,40.38999938964844,40.630001068115234,40.099998474121094,40.189998626708984,28.412208557128906,10371700.0
2014-02-20 00:00:00+00:00,40.18000030517578,40.63999938964844,40.15999984741211,40.5,28.631364822387695,9621700.0
2014-02-21 00:00:00+00:00,40.529998779296875,40.91999816894531,40.5099983215332,40.54999923706055,28.666702270507812,9209700.0
2014-02-24 00:00:00+00:00,40.599998474121094,40.939998626708984,40.43000030517578,40.45000076293945,28.59600257873535,7101700.0
2014-02-25 00:00:00+00:00,40.529998779296875,40.77000045776367,40.33000183105469,40.400001525878906,28.560659408569336,6571100.0
2014-02-26 00:00:00+00:00,40.599998474121094,40.630001068115234,40.22999954223633,40.27000045776367,28.468765258789062,9831000.0
2014-02-27 00:00:00+00:00,40.220001220703125,40.45000076293945,40.040000915527344,40.16999816894531,28.3980712890625,6911400.0
2014-02-28 00:00:00+00:00,40.2400016784668,40.529998779296875,40.220001220703125,40.45000076293945,28.59600257873535,8832000.0
2014-03-03 00:00:00+00:00,40.290000915527344,40.40999984741211,39.9900016784668,40.04999923706055,28.313236236572266,14237200.0
2014-03-04 00:00:00+00:00,40.310001373291016,40.4900016784668,40.25,40.34000015258789,28.51824951171875,9735800.0
2014-03-05 00:00:00+00:00,40.279998779296875,40.380001068115234,40.029998779296875,40.06999969482422,28.327381134033203,9034600.0
2014-03-06 00:00:00+00:00,40.150001525878906,40.22999954223633,39.75,39.869998931884766,28.18597412109375,13764500.0
2014-03-07 00:00:00+00:00,39.720001220703125,39.9900016784668,39.52000045776367,39.9900016784668,28.27081298828125,13812400.0
2014-03-10 00:00:00+00:00,39.869998931884766,40.04999923706055,39.7400016784668,39.88999938964844,28.200115203857422,10984400.0
2014-03-11 00:00:00+00:00,39.939998626708984,40.0,39.599998474121094,39.779998779296875,28.122356414794922,7921000.0
2014-03-12 00:00:00+00:00,39.720001220703125,40.290000915527344,39.720001220703125,40.279998779296875,28.475828170776367,7798000.0
2014-03-13 00:00:00+00:00,40.310001373291016,40.790000915527344,40.25,40.70000076293945,28.772748947143555,21433700.0
2014-03-14 00:00:00+00:00,40.56999969482422,41.02000045776367,40.540000915527344,40.88999938964844,28.90706443786621,12816200.0
2014-03-17 00:00:00+00:00,40.97999954223633,41.20000076293945,40.7599983215332,41.15999984741211,29.097938537597656,9633900.0
2014-03-18 00:00:00+00:00,41.18000030517578,41.27000045776367,41.0,41.099998474121094,29.055522918701172,7974500.0
2014-03-19 00:00:00+00:00,41.11000061035156,41.18000030517578,40.279998779296875,40.45000076293945,28.59600257873535,25565100.0
2014-03-20 00:00:00+00:00,40.34000015258789,40.540000915527344,40.04999923706055,40.540000915527344,28.659631729125977,12603700.0
2014-03-21 00:00:00+00:00,40.41999816894531,40.90999984741211,40.36000061035156,40.5099983215332,28.877052307128906,13799000.0
2014-03-24 00:00:00+00:00,40.540000915527344,40.790000915527344,40.349998474121094,40.619998931884766,28.955472946166992,9994500.0
2014-03-25 00:00:00+00:00,40.70000076293945,40.849998474121094,40.400001525878906,40.790000915527344,29.076644897460938,10447600.0
2014-03-26 00:00:00+00:00,40.849998474121094,40.939998626708984,40.61000061035156,40.619998931884766,28.955472946166992,7816500.0
2014-03-27 00:00:00+00:00,40.599998474121094,40.97999954223633,40.4900016784668,40.95000076293945,29.19069480895996,13421300.0
2014-03-28 00:00:00+00:00,40.869998931884766,41.040000915527344,40.779998779296875,41.0099983215332,29.23345947265625,7701400.0
2014-03-31 00:00:00+00:00,41.2400016784668,41.619998931884766,41.08000183105469,41.459999084472656,29.554248809814453,8702900.0
2014-04-01 00:00:00+00:00,41.47999954223633,41.47999954223633,41.02000045776367,41.16999816894531,29.347515106201172,10137800.0
2014-04-02 00:00:00+00:00,41.11000061035156,41.2599983215332,40.939998626708984,41.11000061035156,29.304752349853516,11657300.0
2014-04-03 00:00:00+00:00,41.119998931884766,41.369998931884766,41.06999969482422,41.2400016784668,29.397417068481445,5476800.0
2014-04-04 00:00:00+00:00,41.40999984741211,41.91999816894531,41.31999969482422,41.459999084472656,29.554248809814453,13620100.0
2014-04-07 00:00:00+00:00,41.43000030517578,41.84000015258789,41.369998931884766,41.38999938964844,29.504348754882812,13384400.0
2014-04-08 00:00:00+00:00,41.400001525878906,42.040000915527344,41.11000061035156,41.97999954223633,29.9249210357666,11863200.0
2014-04-09 00:00:00+00:00,41.939998626708984,42.06999969482422,41.45000076293945,41.88999938964844,29.860774993896484,18121700.0
2014-04-10 00:00:00+00:00,41.91999816894531,42.220001220703125,41.59000015258789,41.72999954223633,29.746713638305664,16001200.0
2014-04-11 00:00:00+00:00,41.720001220703125,41.97999954223633,41.599998474121094,41.689998626708984,29.71818733215332,17823400.0
2014-04-14 00:00:00+00:00,41.880001068115234,42.08000183105469,41.650001525878906,41.939998626708984,29.896392822265625,9636700.0
2014-04-15 00:00:00+00:00,41.939998626708984,42.52000045776367,41.939998626708984,42.52000045776367,30.30984878540039,15025000.0
2014-04-16 00:00:00+00:00,42.5099983215332,42.83000183105469,42.43000030517578,42.83000183105469,30.530834197998047,12413800.0
2014-04-17 00:00:00+00:00,42.70000076293945,42.91999816894531,42.2400016784668,42.29999923706055,30.15302848815918,17989300.0
2014-04-18 00:00:00+00:00,,,,,,
2014-04-21 00:00:00+00:00,42.29999923706055,42.599998474121094,42.04999923706055,42.25,30.117380142211914,11056300.0
2014-04-22 00:00:00+00:00,42.31999969482422,42.349998474121094,42.040000915527344,42.310001373291016,30.1601619720459,10760800.0
2014-04-23 00:00:00+00:00,42.310001373291016,42.790000915527344,42.2599983215332,42.33000183105469,30.17442512512207,17016100.0
2014-04-24 00:00:00+00:00,42.36000061035156,42.72999954223633,42.130001068115234,42.619998931884766,30.38114356994629,11259300.0
2014-04-25 00:00:00+00:00,42.599998474121094,43.11000061035156,42.599998474121094,43.11000061035156,30.730426788330078,16456300.0
2014-04-28 00:00:00+00:00,43.04999923706055,43.38999938964844,42.959999084472656,43.31999969482422,30.880128860473633,18619800.0
2014-04-29 00:00:00+00:00,43.27000045776367,43.459999084472656,43.0099983215332,43.13999938964844,30.751819610595703,17466400.0
2014-04-30 00:00:00+00:00,43.11000061035156,43.5,43.11000061035156,43.209999084472656,30.801700592041016,21828200.0
2014-05-01 00:00:00+00:00,43.209999084472656,43.52000045776367,42.91999816894531,43.38999938964844,30.93002700805664,18903900.0
2014-05-02 00:00:00+00:00,43.09000015258789,43.15999984741211,42.310001373291016,42.5,30.295604705810547,27932100.0
2014-05-05 00:00:00+00:00,42.459999084472656,42.90999984741211,42.439998626708984,42.880001068115234,30.566482543945312,14914200.0
2014-05-06 00:00:00+00:00,42.79999923706055,42.95000076293945,42.63999938964844,42.66999816894531,30.41677474975586,10544700.0
2014-05-07 00:00:00+00:00,42.7599983215332,43.38999938964844,42.720001220703125,43.36000061035156,30.908634185791016,13659900.0
2014-05-08 00:00:00+00:00,43.349998474121094,43.380001068115234,42.79999923706055,42.88999938964844,30.5736026763916,15161100.0
2014-05-09 00:00:00+00:00,42.84000015258789,42.97999954223633,42.2400016784668,42.2599983215332,30.124515533447266,12174100.0
2014-05-12 00:00:00+00:00,42.349998474121094,42.400001525878906,41.81999969482422,41.869998931884766,29.84650230407715,13615700.0
2014-05-13 00:00:00+00:00,41.959999084472656,42.16999816894531,41.790000915527344,41.970001220703125,29.917795181274414,8628300.0
2014-05-14 00:00:00+00:00,42.04999923706055,42.45000076293945,41.91999816894531,42.18000030517578,30.067481994628906,20112000.0
2014-05-15 00:00:00+00:00,42.189998626708984,42.400001525878906,41.970001220703125,42.0099983215332,29.946306228637695,11562500.0
2014-05-16 00:00:00+00:00,42.04999923706055,42.18000030517578,41.86000061035156,42.13999938964844,30.038978576660156,10091000.0
2014-05-19 00:00:00+00:00,42.029998779296875,42.099998474121094,41.459999084472656,41.4900016784668,29.575634002685547,13459000.0
2014-05-20 00:00:00+00:00,41.4900016784668,41.75,41.22999954223633,41.4900016784668,29.575634002685547,10785900.0
2014-05-21 00:00:00+00:00,41.61000061035156,41.630001068115234,41.380001068115234,41.52000045776367,29.597007751464844,6903900.0
2014-05-22 00:00:00+00:00,41.540000915527344,41.97999954223633,41.52000045776367,41.86000061035156,29.83937644958496,5210000.0
2014-05-23 00:00:00+00:00,41.7599983215332,41.9900016784668,41.75,41.7599983215332,29.768091201782227,8909200.0
2014-05-26 00:00:00+00:00,,,,,,
2014-05-27 00:00:00+00:00,42.13999938964844,42.349998474121094,42.029998779296875,42.09000015258789,30.00333595275879,9453600.0
2014-05-28 00:00:00+00:00,42.09000015258789,42.380001068115234,42.040000915527344,42.34000015258789,30.18154525756836,12528000.0
2014-05-29 00:00:00+00:00,42.33000183105469,42.470001220703125,42.150001525878906,42.459999084472656,30.267086029052734,9816300.0
2014-05-30 00:00:00+00:00,42.33000183105469,42.7599983215332,42.33000183105469,42.7400016784668,30.4666690826416,8278600.0
2014-06-02 00:00:00+00:00,42.619998931884766,42.83000183105469,42.540000915527344,42.72999954223633,30.45955467224121,7245100.0
2014-06-03 00:00:00+00:00,42.650001525878906,42.970001220703125,42.61000061035156,42.88999938964844,30.5736026763916,8003600.0
2014-06-04 00:00:00+00:00,42.81999969482422,42.900001525878906,42.630001068115234,42.869998931884766,30.559345245361328,7030700.0
2014-06-05 00:00:00+00:00,42.83000183105469,43.29999923706055,42.79999923706055,43.22999954223633,30.815961837768555,8414500.0
2014-06-06 00:00:00+00:00,43.27000045776367,43.470001220703125,43.04999923706055,43.08000183105469,30.709041595458984,8087100.0
2014-06-09 00:00:00+00:00,43.0,43.150001525878906,42.720001220703125,42.790000915527344,30.502317428588867,8497600.0
2014-06-10 00:00:00+00:00,42.689998626708984,42.91999816894531,42.599998474121094,42.689998626708984,30.43103790283203,8922200.0
2014-06-11 00:00:00+00:00,42.63999938964844,42.63999938964844,42.130001068115234,42.150001525878906,30.046110153198242,10300800.0
2014-06-12 00:00:00+00:00,42.04999923706055,42.40999984741211,41.630001068115234,42.279998779296875,30.138765335083008,16646900.0
2014-06-13 00:00:00+00:00,42.2400016784668,42.619998931884766,42.04999923706055,42.54999923706055,30.331235885620117,8416500.0
2014-06-16 00:00:00+00:00,42.59000015258789,43.189998626708984,42.5099983215332,42.84000015258789,30.537960052490234,19735700.0
2014-06-17 00:00:00+00:00,42.75,42.86000061035156,42.529998779296875,42.779998779296875,30.49518585205078,11426300.0
2014-06-18 00:00:00+00:00,42.7599983215332,43.75,42.7400016784668,43.75,31.1866512298584,35859400.0
2014-06-19 00:00:00+00:00,43.7599983215332,44.16999816894531,43.72999954223633,44.11000061035156,31.44326400756836,22215600.0
2014-06-20 00:00:00+00:00,43.790000915527344,43.849998474121094,43.43000030517578,43.470001220703125,31.25202751159668,9600800.0
2014-06-23 00:00:00+00:00,43.59000015258789,43.630001068115234,43.119998931884766,43.31999969482422,31.144189834594727,9380200.0
2014-06-24 00:00:00+00:00,43.36000061035156,43.59000015258789,43.310001373291016,43.45000076293945,31.237646102905273,9196100.0
2014-06-25 00:00:00+00:00,43.36000061035156,43.66999816894531,43.33000183105469,43.61000061035156,31.35268211364746,12141100.0
2014-06-26 00:00:00+00:00,43.61000061035156,43.779998779296875,43.470001220703125,43.7400016784668,31.44614601135254,12947100.0
2014-06-27 00:00:00+00:00,43.70000076293945,44.02000045776367,43.560001373291016,43.90999984741211,31.568344116210938,7691100.0
2014-06-30 00:00:00+00:00,43.95000076293945,44.36000061035156,43.810001373291016,44.2599983215332,31.819988250732422,12659600.0
2014-07-01 00:00:00+00:00,44.209999084472656,44.279998779296875,43.810001373291016,43.81999969482422,31.5036678314209,9817500.0
2014-07-02 00:00:00+00:00,43.70000076293945,43.720001220703125,42.81999969482422,42.970001220703125,30.892568588256836,17368800.0
2014-07-03 00:00:00+00:00,42.599998474121094,42.880001068115234,42.310001373291016,42.5,30.554676055908203,12201300.0
2014-07-04 00:00:00+00:00,,,,,,
2014-07-07 00:00:00+00:00,42.47999954223633,42.880001068115234,42.470001220703125,42.70000076293945,30.698453903198242,12250400.0
2014-07-08 00:00:00+00:00,42.7400016784668,43.04999923706055,42.70000076293945,42.9900016784668,30.906949996948242,13318200.0
2014-07-09 00:00:00+00:00,42.9900016784668,43.08000183105469,42.66999816894531,42.869998931884766,30.820663452148438,10440500.0
2014-07-10 00:00:00+00:00,42.790000915527344,43.20000076293945,42.75,43.15999984741211,31.029157638549805,10440600.0
2014-07-11 00:00:00+00:00,43.130001068115234,43.220001220703125,42.77000045776367,42.83000183105469,30.791912078857422,9133000.0
2014-07-14 00:00:00+00:00,42.959999084472656,43.060001373291016,42.31999969482422,42.34000015258789,30.43964195251465,8306800.0
2014-07-15 00:00:00+00:00,42.33000183105469,42.66999816894531,42.33000183105469,42.560001373291016,30.597814559936523,8945400.0
2014-07-16 00:00:00+00:00,42.70000076293945,42.75,42.349998474121094,42.70000076293945,30.698453903198242,7493700.0
2014-07-17 00:00:00+00:00,42.869998931884766,42.869998931884766,42.290000915527344,42.310001373291016,30.418073654174805,8061400.0
2014-07-18 00:00:00+00:00,42.36000061035156,42.77000045776367,42.189998626708984,42.7400016784668,30.727203369140625,5215900.0
2014-07-21 00:00:00+00:00,42.689998626708984,42.83000183105469,42.459999084472656,42.70000076293945,30.698453903198242,5578500.0
2014-07-22 00:00:00+00:00,42.779998779296875,42.869998931884766,42.61000061035156,42.61000061035156,30.633750915527344,4683700.0
2014-07-23 00:00:00+00:00,42.61000061035156,42.72999954223633,42.540000915527344,42.650001525878906,30.662517547607422,7497100.0
2014-07-24 00:00:00+00:00,42.56999969482422,42.849998474121094,42.5,42.779998779296875,30.755962371826172,6040300.0
2014-07-25 00:00:00+00:00,42.779998779296875,42.880001068115234,42.380001068115234,42.439998626708984,30.51152992248535,5947400.0
2014-07-28 00:00:00+00:00,42.34000015258789,43.119998931884766,42.27000045776367,43.029998779296875,30.935701370239258,8606600.0
2014-07-29 00:00:00+00:00,43.130001068115234,43.310001373291016,42.56999969482422,42.630001068115234,30.64812469482422,8185600.0
2014-07-30 00:00:00+00:00,42.5099983215332,42.72999954223633,41.720001220703125,41.90999984741211,30.1304931640625,14749100.0
2014-07-31 00:00:00+00:00,41.650001525878906,41.91999816894531,41.220001220703125,41.25,29.656007766723633,15052200.0
2014-08-01 00:00:00+00:00,41.119998931884766,41.72999954223633,41.02000045776367,41.40999984741211,29.77103042602539,15537700.0
2014-08-04 00:00:00+00:00,41.400001525878906,41.459999084472656,40.4900016784668,41.189998626708984,29.612863540649414,30182500.0
2014-08-05 00:00:00+00:00,41.20000076293945,41.220001220703125,40.5099983215332,40.689998626708984,29.25339698791504,14765900.0
2014-08-06 00:00:00+00:00,40.529998779296875,40.56999969482422,40.06999969482422,40.16999816894531,28.879558563232422,49891200.0
2014-08-07 00:00:00+00:00,40.349998474121094,40.790000915527344,40.349998474121094,40.630001068115234,29.210262298583984,12588200.0
2014-08-08 00:00:00+00:00,40.790000915527344,41.459999084472656,40.779998779296875,41.439998626708984,29.792600631713867,20010100.0
2014-08-11 00:00:00+00:00,41.5099983215332,41.619998931884766,41.22999954223633,41.290000915527344,29.68476104736328,8570600.0
2014-08-12 00:00:00+00:00,41.279998779296875,41.459999084472656,41.18000030517578,41.2599983215332,29.663190841674805,6880100.0
2014-08-13 00:00:00+00:00,41.310001373291016,41.540000915527344,41.18000030517578,41.45000076293945,29.79979133605957,6793300.0
2014-08-14 00:00:00+00:00,41.38999938964844,41.84000015258789,41.38999938964844,41.810001373291016,30.05859375,6018700.0
2014-08-15 00:00:00+00:00,41.84000015258789,42.220001220703125,41.7400016784668,41.970001220703125,30.173635482788086,9713900.0
2014-08-18 00:00:00+00:00,42.0099983215332,42.189998626708984,41.790000915527344,41.86000061035156,30.094541549682617,8190800.0
2014-08-19 00:00:00+00:00,41.90999984741211,42.400001525878906,41.88999938964844,42.38999938964844,30.47557830810547,7718700.0
2014-08-20 00:00:00+00:00,42.369998931884766,42.52000045776367,42.220001220703125,42.47999954223633,30.540279388427734,5587000.0
2014-08-21 00:00:00+00:00,42.47999954223633,42.81999969482422,42.45000076293945,42.58000183105469,30.612178802490234,8549100.0
2014-08-22 00:00:00+00:00,42.75,42.75,42.209999084472656,42.45000076293945,30.518714904785156,6889900.0
2014-08-25 00:00:00+00:00,42.540000915527344,42.849998474121094,42.5099983215332,42.7400016784668,30.727203369140625,6878600.0
2014-08-26 00:00:00+00:00,42.7599983215332,42.880001068115234,42.22999954223633,42.22999954223633,30.360546112060547,6534400.0
2014-08-27 00:00:00+00:00,42.380001068115234,42.70000076293945,42.27000045776367,42.689998626708984,30.691261291503906,5242200.0
2014-08-28 00:00:00+00:00,42.630001068115234,43.0,42.5099983215332,43.0,30.914138793945312,10312200.0
2014-08-29 00:00:00+00:00,42.970001220703125,43.29999923706055,42.93000030517578,43.279998779296875,31.115434646606445,5856500.0
2014-09-01 00:00:00+00:00,,,,,,
2014-09-02 00:00:00+00:00,43.220001220703125,43.349998474121094,42.630001068115234,42.88999938964844,30.83504867553711,12781700.0
2014-09-03 00:00:00+00:00,42.900001525878906,43.2599983215332,42.900001525878906,43.099998474121094,30.986019134521484,8467000.0
2014-09-04 00:00:00+00:00,42.959999084472656,43.20000076293945,42.849998474121094,43.08000183105469,30.971643447875977,9236700.0
2014-09-05 00:00:00+00:00,43.22999954223633,43.63999938964844,43.11000061035156,43.619998931884766,31.359861373901367,9054200.0
2014-09-08 00:00:00+00:00,43.65999984741211,43.65999984741211,43.15999984741211,43.36000061035156,31.172941207885742,6788400.0
2014-09-09 00:00:00+00:00,43.2400016784668,43.25,42.790000915527344,42.86000061035156,30.8134708404541,13414500.0
2014-09-10 00:00:00+00:00,42.77000045776367,42.90999984741211,42.529998779296875,42.66999816894531,30.676883697509766,10540400.0
2014-09-11 00:00:00+00:00,42.709999084472656,43.099998474121094,42.599998474121094,43.029998779296875,30.935701370239258,9360500.0
2014-09-12 00:00:00+00:00,42.790000915527344,42.849998474121094,42.15999984741211,42.2599983215332,30.382123947143555,17442500.0
2014-09-15 00:00:00+00:00,42.439998626708984,42.630001068115234,42.2599983215332,42.38999938964844,30.47557830810547,10828200.0
2014-09-16 00:00:00+00:00,42.400001525878906,43.040000915527344,42.349998474121094,42.93000030517578,30.86380386352539,12227800.0
2014-09-17 00:00:00+00:00,43.02000045776367,43.150001525878906,42.630001068115234,42.849998474121094,30.80629539489746,15543400.0
2014-09-18 00:00:00+00:00,42.88999938964844,43.0,42.38999938964844,42.540000915527344,30.583419799804688,12497600.0
2014-09-19 00:00:00+00:00,42.34000015258789,42.58000183105469,42.220001220703125,42.540000915527344,30.85907745361328,9657400.0
2014-09-22 00:00:00+00:00,42.43000030517578,42.47999954223633,42.130001068115234,42.220001220703125,30.626941680908203,12310700.0
2014-09-23 00:00:00+00:00,42.220001220703125,42.27000045776367,41.97999954223633,42.099998474121094,30.539897918701172,9807900.0
2014-09-24 00:00:00+00:00,42.11000061035156,42.16999816894531,41.810001373291016,41.95000076293945,30.431081771850586,8346800.0
2014-09-25 00:00:00+00:00,41.970001220703125,42.099998474121094,41.689998626708984,41.70000076293945,30.249732971191406,9645200.0
2014-09-26 00:00:00+00:00,41.65999984741211,41.93000030517578,41.400001525878906,41.7599983215332,30.293256759643555,6809700.0
2014-09-29 00:00:00+00:00,41.66999816894531,42.060001373291016,41.540000915527344,42.029998779296875,30.489112854003906,5575000.0
2014-09-30 00:00:00+00:00,42.08000183105469,42.540000915527344,41.95000076293945,42.09000015258789,30.532638549804688,11610400.0
2014-10-01 00:00:00+00:00,42.27000045776367,42.72999954223633,42.119998931884766,42.33000183105469,30.706750869750977,17635700.0
2014-10-02 00:00:00+00:00,42.29999923706055,42.59000015258789,42.20000076293945,42.27000045776367,30.663230895996094,13244700.0
2014-10-03 00:00:00+00:00,42.27000045776367,42.61000061035156,42.0099983215332,42.540000915527344,30.85907745361328,9176200.0
2014-10-06 00:00:00+00:00,42.59000015258789,42.779998779296875,42.349998474121094,42.540000915527344,30.85907745361328,5522100.0
2014-10-07 00:00:00+00:00,42.54999923706055,42.95000076293945,42.380001068115234,42.47999954223633,30.81555938720703,12225800.0
2014-10-08 00:00:00+00:00,42.54999923706055,43.4900016784668,42.47999954223633,43.439998626708984,31.511953353881836,17576500.0
2014-10-09 00:00:00+00:00,43.47999954223633,43.66999816894531,42.70000076293945,42.72999954223633,30.996917724609375,15774100.0
2014-10-10 00:00:00+00:00,42.83000183105469,43.34000015258789,42.83000183105469,42.93000030517578,31.14197540283203,18274400.0
2014-10-13 00:00:00+00:00,43.02000045776367,43.47999954223633,42.869998931884766,42.88999938964844,31.112966537475586,17113500.0
2014-10-14 00:00:00+00:00,43.029998779296875,43.790000915527344,42.88999938964844,43.279998779296875,31.395885467529297,22008500.0
2014-10-15 00:00:00+00:00,43.15999984741211,43.59000015258789,41.900001525878906,42.709999084472656,30.98240089416504,22855700.0
2014-10-16 00:00:00+00:00,42.290000915527344,42.84000015258789,41.939998626708984,42.75,31.011423110961914,20875600.0
2014-10-17 00:00:00+00:00,42.939998626708984,43.08000183105469,42.380001068115234,43.0,31.19277000427246,15615700.0
2014-10-20 00:00:00+00:00,43.130001068115234,43.630001068115234,42.959999084472656,43.599998474121094,31.628021240234375,10474300.0
2014-10-21 00:00:00+00:00,43.70000076293945,43.81999969482422,43.459999084472656,43.75,31.73683738708496,10088000.0
2014-10-22 00:00:00+00:00,43.70000076293945,44.36000061035156,43.689998626708984,44.02000045776367,31.932697296142578,13948600.0
2014-10-23 00:00:00+00:00,44.13999938964844,44.380001068115234,43.939998626708984,44.099998474121094,31.990720748901367,9462500.0
2014-10-24 00:00:00+00:00,44.16999816894531,44.65999984741211,44.119998931884766,44.529998779296875,32.302650451660156,10616500.0
2014-10-27 00:00:00+00:00,44.52000045776367,44.7400016784668,44.31999969482422,44.43000030517578,32.230106353759766,8312800.0
2014-10-28 00:00:00+00:00,44.47999954223633,44.7599983215332,44.209999084472656,44.7400016784668,32.45499801635742,10774100.0
2014-10-29 00:00:00+00:00,44.77000045776367,44.93000030517578,44.029998779296875,44.47999954223633,32.266387939453125,15307700.0
2014-10-30 00:00:00+00:00,44.529998779296875,45.4900016784668,44.5099983215332,45.459999084472656,32.977291107177734,33867400.0
2014-10-31 00:00:00+00:00,45.56999969482422,45.630001068115234,45.099998474121094,45.470001220703125,32.98454284667969,16098900.0
2014-11-03 00:00:00+00:00,45.52000045776367,45.90999984741211,45.470001220703125,45.77000045776367,33.20215606689453,13128500.0
2014-11-04 00:00:00+00:00,45.790000915527344,46.02000045776367,45.310001373291016,45.529998779296875,33.0280647277832,15186200.0
2014-11-05 00:00:00+00:00,45.5,46.61000061035156,45.5,46.560001373291016,33.77524185180664,21545100.0
2014-11-06 00:00:00+00:00,46.5,46.5,45.5,45.77000045776367,33.20215606689453,37091100.0
2014-11-07 00:00:00+00:00,45.88999938964844,46.2599983215332,45.72999954223633,46.25,33.55036544799805,11787000.0
2014-11-10 00:00:00+00:00,46.189998626708984,46.529998779296875,46.029998779296875,46.47999954223633,33.71721649169922,9434900.0
2014-11-11 00:00:00+00:00,46.470001220703125,46.560001373291016,46.13999938964844,46.310001373291016,33.5938835144043,5563000.0
2014-11-12 00:00:00+00:00,46.369998931884766,46.369998931884766,45.290000915527344,45.5,33.006309509277344,18059400.0
2014-11-13 00:00:00+00:00,45.560001373291016,45.75,45.0,45.130001068115234,32.73788833618164,15116300.0
2014-11-14 00:00:00+00:00,45.02000045776367,45.15999984741211,44.84000015258789,44.939998626708984,32.60007095336914,7847800.0
2014-11-17 00:00:00+00:00,44.9900016784668,45.61000061035156,44.869998931884766,45.529998779296875,33.0280647277832,8562400.0
2014-11-18 00:00:00+00:00,45.63999938964844,45.88999938964844,45.380001068115234,45.65999984741211,33.12237548828125,6686700.0
2014-11-19 00:00:00+00:00,45.540000915527344,45.75,45.31999969482422,45.619998931884766,33.093353271484375,12133400.0
2014-11-20 00:00:00+00:00,45.47999954223633,45.7400016784668,45.33000183105469,45.52000045776367,33.020809173583984,8315100.0
2014-11-21 00:00:00+00:00,45.720001220703125,45.93000030517578,45.290000915527344,45.70000076293945,33.15138626098633,14876700.0
2014-11-24 00:00:00+00:00,45.7599983215332,45.83000183105469,45.27000045776367,45.31999969482422,32.875728607177734,11731300.0
2014-11-25 00:00:00+00:00,45.34000015258789,45.400001525878906,45.040000915527344,45.31999969482422,32.875728607177734,13110600.0
2014-11-26 00:00:00+00:00,45.29999923706055,45.65999984741211,45.29999923706055,45.52000045776367,33.020809173583984,6826500.0
2014-11-27 00:00:00+00:00,,,,,,
2014-11-28 00:00:00+00:00,45.560001373291016,46.209999084472656,45.560001373291016,46.0,33.3690071105957,7794600.0
2014-12-01 00:00:00+00:00,45.90999984741211,46.470001220703125,45.630001068115234,46.09000015258789,33.43430709838867,19175300.0
2014-12-02 00:00:00+00:00,46.0099983215332,46.540000915527344,45.810001373291016,46.400001525878906,33.65917205810547,13333100.0
2014-12-03 00:00:00+00:00,46.43000030517578,46.45000076293945,46.0,46.27000045776367,33.56487274169922,8177500.0
2014-12-04 00:00:00+00:00,46.25,46.470001220703125,46.02000045776367,46.22999954223633,33.53584289550781,13866600.0
2014-12-05 00:00:00+00:00,45.7599983215332,46.06999969482422,45.63999938964844,45.869998931884766,33.27470779418945,17074400.0
2014-12-08 00:00:00+00:00,45.869998931884766,46.41999816894531,45.86000061035156,46.2400016784668,33.543113708496094,12106000.0
2014-12-09 00:00:00+00:00,45.970001220703125,46.58000183105469,45.970001220703125,46.470001220703125,33.7099723815918,10511600.0
2014-12-10 00:00:00+00:00,46.45000076293945,46.790000915527344,45.869998931884766,45.88999938964844,33.28921127319336,9414400.0
2014-12-11 00:00:00+00:00,45.75,46.709999084472656,45.400001525878906,46.349998474121094,33.62289810180664,9716800.0
2014-12-12 00:00:00+00:00,46.2400016784668,46.61000061035156,45.90999984741211,45.90999984741211,33.303707122802734,10963100.0
2014-12-15 00:00:00+00:00,46.02000045776367,46.189998626708984,45.279998779296875,45.52000045776367,33.020809173583984,11037100.0
2014-12-16 00:00:00+00:00,45.45000076293945,46.20000076293945,45.130001068115234,45.47999954223633,32.99178695678711,14841700.0
2014-12-17 00:00:00+00:00,45.630001068115234,46.400001525878906,45.540000915527344,46.290000915527344,33.579376220703125,18697400.0
2014-12-18 00:00:00+00:00,46.5,47.220001220703125,46.310001373291016,47.20000076293945,34.23950958251953,14663700.0
2014-12-19 00:00:00+00:00,46.959999084472656,47.16999816894531,46.61000061035156,46.86000061035156,34.29584503173828,17982000.0
2014-12-22 00:00:00+00:00,46.9900016784668,47.02000045776367,46.58000183105469,46.97999954223633,34.38368606567383,11300700.0
2014-12-23 00:00:00+00:00,46.709999084472656,47.349998474121094,46.709999084472656,47.099998474121094,34.47151565551758,9581100.0
2014-12-24 00:00:00+00:00,47.0,48.09000015258789,47.0,47.970001220703125,35.10824203491211,14412400.0
2014-12-25 00:00:00+00:00,,,,,,
2014-12-26 00:00:00+00:00,47.95000076293945,48.7599983215332,47.95000076293945,48.54999923706055,35.53273010253906,19854100.0
2014-12-29 00:00:00+00:00,48.58000183105469,49.33000183105469,48.54999923706055,49.11000061035156,35.942596435546875,24520900.0
2014-12-30 00:00:00+00:00,49.06999969482422,49.08000183105469,48.02000045776367,48.09000015258789,35.196075439453125,13015400.0
2014-12-31 00:00:00+00:00,48.209999084472656,48.290000915527344,47.15999984741211,47.220001220703125,34.559329986572266,15156500.0
2015-01-01 00:00:00+00:00,,,,,,
2015-01-02 00:00:00+00:00,47.66999816894531,47.66999816894531,46.90999984741211,47.439998626708984,34.72034454345703,16914700.0
2015-01-05 00:00:00+00:00,47.599998474121094,47.599998474121094,46.650001525878906,46.86000061035156,34.29584503173828,23911800.0
2015-01-06 00:00:00+00:00,46.880001068115234,47.720001220703125,46.86000061035156,46.88999938964844,34.317813873291016,19393700.0
2015-01-07 00:00:00+00:00,47.18000030517578,47.54999923706055,46.79999923706055,47.349998474121094,34.654476165771484,14322300.0
2015-01-08 00:00:00+00:00,47.630001068115234,47.86000061035156,47.5099983215332,47.68000030517578,34.89600372314453,14027700.0
2015-01-09 00:00:00+00:00,47.689998626708984,47.810001373291016,47.130001068115234,47.380001068115234,34.67643737792969,8922700.0
2015-01-12 00:00:00+00:00,47.43000030517578,47.59000015258789,46.959999084472656,47.27000045776367,34.59592056274414,10875000.0
2015-01-13 00:00:00+00:00,47.52000045776367,48.13999938964844,47.15999984741211,47.400001525878906,34.691070556640625,15979500.0
2015-01-14 00:00:00+00:00,47.400001525878906,47.880001068115234,47.09000015258789,47.810001373291016,34.99114227294922,15463000.0
2015-01-15 00:00:00+00:00,47.88999938964844,48.31999969482422,47.75,48.189998626708984,35.269264221191406,14540200.0
2015-01-16 00:00:00+00:00,48.18000030517578,48.63999938964844,48.040000915527344,48.619998931884766,35.58396530151367,12988700.0
2015-01-19 00:00:00+00:00,,,,,,
2015-01-20 00:00:00+00:00,48.7599983215332,48.90999984741211,48.27000045776367,48.7400016784668,35.67178726196289,11238800.0
2015-01-21 00:00:00+00:00,48.689998626708984,49.279998779296875,48.279998779296875,49.209999084472656,36.015769958496094,13822200.0
2015-01-22 00:00:00+00:00,49.34000015258789,49.47999954223633,48.650001525878906,49.0,35.86207962036133,17531100.0
2015-01-23 00:00:00+00:00,49.15999984741211,49.380001068115234,48.97999954223633,49.13999938964844,35.964534759521484,7095300.0
2015-01-26 00:00:00+00:00,49.099998474121094,49.150001525878906,48.65999984741211,49.11000061035156,35.942596435546875,8129100.0
2015-01-27 00:00:00+00:00,48.9900016784668,49.439998626708984,48.88999938964844,49.18000030517578,35.99382019042969,8746000.0
2015-01-28 00:00:00+00:00,49.209999084472656,49.779998779296875,48.630001068115234,48.7599983215332,35.686431884765625,13695300.0
2015-01-29 00:00:00+00:00,48.63999938964844,49.5,48.47999954223633,49.40999984741211,36.16215133666992,12044800.0
2015-01-30 00:00:00+00:00,49.349998474121094,49.349998474121094,48.2599983215332,48.31999969482422,35.36440658569336,14915900.0
2015-02-02 00:00:00+00:00,48.310001373291016,48.709999084472656,47.810001373291016,48.529998779296875,35.518104553222656,22399300.0
2015-02-03 00:00:00+00:00,48.439998626708984,48.880001068115234,48.220001220703125,48.709999084472656,35.64983367919922,16159500.0
2015-02-04 00:00:00+00:00,48.56999969482422,48.79999923706055,48.0,48.119998931884766,35.21803283691406,13859000.0
2015-02-05 00:00:00+00:00,48.2599983215332,48.65999984741211,47.97999954223633,48.560001373291016,35.54005813598633,13165300.0
2015-02-06 00:00:00+00:00,48.25,48.349998474121094,46.27000045776367,46.560001373291016,34.076297760009766,32184200.0
2015-02-09 00:00:00+00:00,46.459999084472656,46.790000915527344,45.93000030517578,46.150001525878906,33.776222229003906,19742200.0
2015-02-10 00:00:00+00:00,46.11000061035156,47.16999816894531,46.04999923706055,47.099998474121094,34.47151565551758,20891100.0
2015-02-11 00:00:00+00:00,46.90999984741211,46.90999984741211,45.970001220703125,46.08000183105469,33.72499465942383,19543100.0
2015-02-12 00:00:00+00:00,46.16999816894531,46.209999084472656,45.709999084472656,45.869998931884766,33.57129669189453,20582000.0
2015-02-13 00:00:00+00:00,45.77000045776367,45.84000015258789,44.810001373291016,45.16999816894531,33.058982849121094,32654300.0
2015-02-16 00:00:00+00:00,,,,,,
2015-02-17 00:00:00+00:00,45.029998779296875,45.599998474121094,44.72999954223633,45.130001068115234,33.02969741821289,26373700.0
2015-02-18 00:00:00+00:00,45.099998474121094,46.2599983215332,45.02000045776367,46.20000076293945,33.81281661987305,32104000.0
2015-02-19 00:00:00+00:00,46.099998474121094,46.22999954223633,45.52000045776367,45.68000030517578,33.4322395324707,14286400.0
2015-02-20 00:00:00+00:00,45.84000015258789,45.84000015258789,45.099998474121094,45.689998626708984,33.43955612182617,13870100.0
2015-02-23 00:00:00+00:00,45.77000045776367,46.029998779296875,45.63999938964844,46.0,33.66643524169922,8988500.0
2015-02-24 00:00:00+00:00,46.060001373291016,46.59000015258789,45.86000061035156,46.34000015258789,33.915279388427734,14332500.0
2015-02-25 00:00:00+00:00,46.29999923706055,46.34000015258789,45.529998779296875,45.58000183105469,33.359066009521484,11891900.0
2015-02-26 00:00:00+00:00,45.79999923706055,45.79999923706055,45.18000030517578,45.279998779296875,33.13948059082031,14258900.0
2015-02-27 00:00:00+00:00,45.27000045776367,45.38999938964844,45.02000045776367,45.22999954223633,33.10289764404297,12484400.0
2015-03-02 00:00:00+00:00,45.20000076293945,45.20000076293945,44.04999923706055,44.36000061035156,32.466163635253906,27530000.0
2015-03-03 00:00:00+00:00,44.33000183105469,44.68000030517578,44.060001373291016,44.630001068115234,32.66376495361328,18556800.0
2015-03-04 00:00:00+00:00,44.529998779296875,44.529998779296875,44.22999954223633,44.380001068115234,32.48080062866211,12062000.0
2015-03-05 00:00:00+00:00,44.4900016784668,44.93000030517578,44.4900016784668,44.72999954223633,32.73694610595703,11557900.0
2015-03-06 00:00:00+00:00,44.0099983215332,44.119998931884766,43.220001220703125,43.38999938964844,31.75623893737793,26797000.0
2015-03-09 00:00:00+00:00,43.5,43.689998626708984,43.380001068115234,43.470001220703125,31.81478500366211,13030100.0
2015-03-10 00:00:00+00:00,43.349998474121094,43.90999984741211,43.27000045776367,43.38999938964844,31.75623893737793,13622000.0
2015-03-11 00:00:00+00:00,43.2400016784668,43.63999938964844,43.0099983215332,43.11000061035156,31.55131721496582,9988200.0
2015-03-12 00:00:00+00:00,43.400001525878906,44.11000061035156,43.34000015258789,43.93000030517578,32.151451110839844,17079000.0
2015-03-13 00:00:00+00:00,43.869998931884766,43.869998931884766,43.08000183105469,43.47999954223633,31.822107315063477,13984100.0
2015-03-16 00:00:00+00:00,43.79999923706055,44.54999923706055,43.72999954223633,44.22999954223633,32.371028900146484,12807900.0
2015-03-17 00:00:00+00:00,44.11000061035156,44.41999816894531,44.0099983215332,44.15999984741211,32.319786071777344,9188400.0
2015-03-18 00:00:00+00:00,44.150001525878906,45.630001068115234,44.02000045776367,45.349998474121094,33.19071960449219,23726500.0
2015-03-19 00:00:00+00:00,45.099998474121094,45.650001525878906,44.810001373291016,44.93000030517578,32.88332748413086,13161500.0
2015-03-20 00:00:00+00:00,44.939998626708984,45.11000061035156,44.5099983215332,44.97999954223633,33.179134368896484,13879200.0
2015-03-23 00:00:00+00:00,44.95000076293945,45.220001220703125,44.849998474121094,45.0099983215332,33.201255798339844,10260200.0
2015-03-24 00:00:00+00:00,44.9900016784668,45.220001220703125,44.400001525878906,44.5099983215332,32.83243942260742,10629300.0
2015-03-25 00:00:00+00:00,44.61000061035156,44.810001373291016,43.95000076293945,43.9900016784668,32.44886016845703,14157900.0
2015-03-26 00:00:00+00:00,43.880001068115234,44.16999816894531,43.4900016784668,43.619998931884766,32.175933837890625,12700100.0
2015-03-27 00:00:00+00:00,43.70000076293945,44.13999938964844,43.56999969482422,43.880001068115234,32.36772918701172,6778400.0
2015-03-30 00:00:00+00:00,44.119998931884766,44.59000015258789,43.869998931884766,44.41999816894531,32.76604080200195,8477500.0
2015-03-31 00:00:00+00:00,44.290000915527344,44.84000015258789,44.099998474121094,44.43000030517578,32.77341842651367,10209700.0
2015-04-01 00:00:00+00:00,44.29999923706055,44.59000015258789,43.77000045776367,44.470001220703125,32.80292892456055,17289700.0
2015-04-02 00:00:00+00:00,44.400001525878906,44.75,44.349998474121094,44.54999923706055,32.86194610595703,11268600.0
2015-04-03 00:00:00+00:00,,,,,,
2015-04-06 00:00:00+00:00,44.7400016784668,45.439998626708984,44.689998626708984,45.16999816894531,33.319278717041016,12495100.0
2015-04-07 00:00:00+00:00,45.15999984741211,45.18000030517578,44.619998931884766,44.650001525878906,32.935699462890625,6920000.0
2015-04-08 00:00:00+00:00,44.650001525878906,44.709999084472656,44.290000915527344,44.52000045776367,32.83980941772461,8958000.0
2015-04-09 00:00:00+00:00,44.5,44.52000045776367,44.060001373291016,44.33000183105469,32.69965744018555,11409100.0
2015-04-10 00:00:00+00:00,44.4900016784668,44.84000015258789,44.290000915527344,44.65999984741211,32.94308090209961,9270700.0
2015-04-13 00:00:00+00:00,44.56999969482422,44.65999984741211,44.18000030517578,44.220001220703125,32.61852264404297,8476400.0
2015-04-14 00:00:00+00:00,44.33000183105469,44.59000015258789,44.20000076293945,44.439998626708984,32.78080368041992,11025600.0
2015-04-15 00:00:00+00:00,44.560001373291016,44.939998626708984,44.4900016784668,44.54999923706055,32.86194610595703,9681100.0
2015-04-16 00:00:00+00:00,44.400001525878906,44.45000076293945,43.88999938964844,44.2599983215332,32.64802551269531,13567900.0
2015-04-17 00:00:00+00:00,44.06999969482422,44.459999084472656,43.95000076293945,44.099998474121094,32.529998779296875,8500500.0
2015-04-20 00:00:00+00:00,44.279998779296875,45.11000061035156,44.25,44.7599983215332,33.016849517822266,9269400.0
2015-04-21 00:00:00+00:00,44.7599983215332,45.099998474121094,44.20000076293945,44.36000061035156,32.7217903137207,11699100.0
2015-04-22 00:00:00+00:00,44.4900016784668,44.56999969482422,44.16999816894531,44.45000076293945,32.788169860839844,8748300.0
2015-04-23 00:00:00+00:00,44.29999923706055,44.91999816894531,44.29999923706055,44.70000076293945,32.97258377075195,9218200.0
2015-04-24 00:00:00+00:00,44.70000076293945,45.459999084472656,44.59000015258789,45.150001525878906,33.30452346801758,14541200.0
2015-04-27 00:00:00+00:00,45.27000045776367,45.34000015258789,44.470001220703125,44.61000061035156,32.90620422363281,10506600.0
2015-04-28 00:00:00+00:00,44.41999816894531,44.939998626708984,44.2599983215332,44.93000030517578,33.14223861694336,9747800.0
2015-04-29 00:00:00+00:00,44.599998474121094,44.88999938964844,44.369998931884766,44.7400016784668,33.00210189819336,13331000.0
2015-04-30 00:00:00+00:00,44.63999938964844,44.650001525878906,43.880001068115234,44.220001220703125,32.61852264404297,17588200.0
2015-05-01 00:00:00+00:00,44.119998931884766,44.4900016784668,43.939998626708984,44.470001220703125,32.80292892456055,12507400.0
2015-05-04 00:00:00+00:00,44.47999954223633,45.13999938964844,44.40999984741211,44.79999923706055,33.04635238647461,13323100.0
2015-05-05 00:00:00+00:00,44.72999954223633,44.72999954223633,43.68000030517578,43.79999923706055,32.30870819091797,18621200.0
2015-05-06 00:00:00+00:00,43.790000915527344,44.0,43.130001068115234,43.560001373291016,32.13167190551758,16976100.0
2015-05-07 00:00:00+00:00,43.709999084472656,44.02000045776367,43.599998474121094,43.720001220703125,32.24969482421875,12687000.0
2015-05-08 00:00:00+00:00,44.279998779296875,44.52000045776367,43.849998474121094,44.029998779296875,32.47836685180664,14383200.0
2015-05-11 00:00:00+00:00,44.02000045776367,44.38999938964844,43.689998626708984,43.72999954223633,32.2570686340332,12639300.0
2015-05-12 00:00:00+00:00,43.5,43.72999954223633,43.2400016784668,43.68000030517578,32.220191955566406,13535200.0
2015-05-13 00:00:00+00:00,43.83000183105469,43.970001220703125,43.099998474121094,43.25,31.90299415588379,13979600.0
2015-05-14 00:00:00+00:00,43.470001220703125,43.869998931884766,43.43000030517578,43.75,32.27183151245117,12242700.0
2015-05-15 00:00:00+00:00,43.869998931884766,44.40999984741211,43.79999923706055,44.31999969482422,32.69227981567383,17791700.0
2015-05-18 00:00:00+00:00,44.099998474121094,44.56999969482422,44.099998474121094,44.4900016784668,32.81769561767578,10243600.0
2015-05-19 00:00:00+00:00,44.290000915527344,44.70000076293945,44.13999938964844,44.59000015258789,32.891456604003906,12908000.0
2015-05-20 00:00:00+00:00,44.59000015258789,44.97999954223633,44.4900016784668,44.65999984741211,32.94308090209961,9068700.0
2015-05-21 00:00:00+00:00,44.77000045776367,44.81999969482422,44.43000030517578,44.63999938964844,32.92832565307617,8062600.0
2015-05-22 00:00:00+00:00,44.47999954223633,44.70000076293945,44.290000915527344,44.56999969482422,32.87668991088867,8923900.0
2015-05-25 00:00:00+00:00,,,,,,
2015-05-26 00:00:00+00:00,44.5,44.54999923706055,44.0,44.290000915527344,32.6701545715332,10563900.0
2015-05-27 00:00:00+00:00,44.33000183105469,44.54999923706055,44.2400016784668,44.470001220703125,32.80292892456055,7637800.0
2015-05-28 00:00:00+00:00,44.45000076293945,44.68000030517578,44.290000915527344,44.56999969482422,32.87668991088867,9986900.0
2015-05-29 00:00:00+00:00,44.47999954223633,44.70000076293945,44.33000183105469,44.5,32.825050354003906,9160500.0
2015-06-01 00:00:00+00:00,44.619998931884766,44.83000183105469,44.41999816894531,44.560001373291016,32.86932373046875,8839100.0
2015-06-02 00:00:00+00:00,44.31999969482422,44.36000061035156,43.65999984741211,43.970001220703125,32.43410873413086,12151300.0
2015-06-03 00:00:00+00:00,43.79999923706055,43.97999954223633,43.08000183105469,43.31999969482422,31.954648971557617,23362500.0
2015-06-04 00:00:00+00:00,43.369998931884766,43.560001373291016,43.18000030517578,43.2599983215332,31.910375595092773,13300900.0
2015-06-05 00:00:00+00:00,42.70000076293945,42.900001525878906,42.54999923706055,42.720001220703125,31.51205825805664,15918800.0
2015-06-08 00:00:00+00:00,42.7599983215332,42.7599983215332,42.439998626708984,42.470001220703125,31.327640533447266,7917700.0
2015-06-09 00:00:00+00:00,42.400001525878906,42.630001068115234,42.369998931884766,42.369998931884766,31.25388526916504,10268400.0
2015-06-10 00:00:00+00:00,42.75,42.900001525878906,42.56999969482422,42.58000183105469,31.408784866333008,11091000.0
2015-06-11 00:00:00+00:00,42.93000030517578,43.0099983215332,42.7400016784668,42.91999816894531,31.659587860107422,8976900.0
2015-06-12 00:00:00+00:00,42.7400016784668,42.880001068115234,42.529998779296875,42.540000915527344,31.3792781829834,8629300.0
2015-06-15 00:00:00+00:00,42.41999816894531,42.66999816894531,42.290000915527344,42.470001220703125,31.327640533447266,10076100.0
2015-06-16 00:00:00+00:00,42.38999938964844,42.66999816894531,42.209999084472656,42.66999816894531,31.475168228149414,8036800.0
2015-06-17 00:00:00+00:00,42.689998626708984,43.099998474121094,42.560001373291016,43.029998779296875,31.740726470947266,18291900.0
2015-06-18 00:00:00+00:00,43.08000183105469,43.709999084472656,43.08000183105469,43.599998474121094,32.16118621826172,20717000.0
2015-06-19 00:00:00+00:00,43.290000915527344,43.31999969482422,42.77000045776367,42.790000915527344,31.850778579711914,13375500.0
2015-06-22 00:00:00+00:00,42.86000061035156,42.959999084472656,42.630001068115234,42.72999954223633,31.806135177612305,10273800.0
2015-06-23 00:00:00+00:00,42.56999969482422,42.65999984741211,42.09000015258789,42.150001525878906,31.374408721923828,16276900.0
2015-06-24 00:00:00+00:00,42.20000076293945,42.290000915527344,41.79999923706055,41.81999969482422,31.128765106201172,12229900.0
2015-06-25 00:00:00+00:00,41.849998474121094,41.95000076293945,41.529998779296875,41.540000915527344,30.92034912109375,11687300.0
2015-06-26 00:00:00+00:00,41.45000076293945,41.86000061035156,41.310001373291016,41.790000915527344,31.10643196105957,8770700.0
2015-06-29 00:00:00+00:00,41.720001220703125,42.2599983215332,41.540000915527344,41.56999969482422,30.942672729492188,16171500.0
2015-06-30 00:00:00+00:00,41.77000045776367,41.810001373291016,41.369998931884766,41.459999084472656,30.860803604125977,11108700.0
2015-07-01 00:00:00+00:00,41.5099983215332,41.720001220703125,41.400001525878906,41.709999084472656,31.04688835144043,11251800.0
2015-07-02 00:00:00+00:00,41.9900016784668,42.36000061035156,41.900001525878906,42.22999954223633,31.433940887451172,9575400.0
2015-07-03 00:00:00+00:00,,,,,,
2015-07-06 00:00:00+00:00,42.16999816894531,42.5099983215332,42.02000045776367,42.400001525878906,31.560497283935547,13998200.0
2015-07-07 00:00:00+00:00,42.540000915527344,43.619998931884766,42.540000915527344,43.45000076293945,32.3420524597168,26118300.0
2015-07-08 00:00:00+00:00,43.29999923706055,43.56999969482422,43.13999938964844,43.220001220703125,32.170860290527344,15496800.0
2015-07-09 00:00:00+00:00,43.349998474121094,43.45000076293945,42.599998474121094,42.7400016784668,31.813554763793945,15576000.0
2015-07-10 00:00:00+00:00,42.7599983215332,43.279998779296875,42.619998931884766,42.970001220703125,31.984773635864258,12405100.0
2015-07-13 00:00:00+00:00,43.09000015258789,43.27000045776367,42.72999954223633,42.9900016784668,31.99966049194336,8584700.0
2015-07-14 00:00:00+00:00,42.939998626708984,43.22999954223633,42.79999923706055,42.93000030517578,31.954994201660156,6821200.0
2015-07-15 00:00:00+00:00,42.880001068115234,43.150001525878906,42.70000076293945,43.13999938964844,32.111305236816406,9900800.0
2015-07-16 00:00:00+00:00,43.13999938964844,43.849998474121094,43.08000183105469,43.779998779296875,32.58768844604492,12592700.0
2015-07-17 00:00:00+00:00,43.779998779296875,43.84000015258789,43.33000183105469,43.349998474121094,32.26762390136719,10492300.0
2015-07-20 00:00:00+00:00,43.16999816894531,43.369998931884766,42.90999984741211,43.130001068115234,32.10386657714844,9812500.0
2015-07-21 00:00:00+00:00,43.04999923706055,43.150001525878906,42.560001373291016,42.7400016784668,31.813554763793945,10284800.0
2015-07-22 00:00:00+00:00,42.810001373291016,43.150001525878906,42.70000076293945,42.93000030517578,31.954994201660156,8252200.0
2015-07-23 00:00:00+00:00,42.88999938964844,42.91999816894531,42.08000183105469,42.290000915527344,31.47861099243164,13947300.0
2015-07-24 00:00:00+00:00,42.310001373291016,42.47999954223633,42.18000030517578,42.33000183105469,31.508394241333008,8589100.0
2015-07-27 00:00:00+00:00,42.33000183105469,43.060001373291016,42.209999084472656,42.869998931884766,31.91033172607422,11952800.0
2015-07-28 00:00:00+00:00,42.869998931884766,43.11000061035156,42.709999084472656,43.06999969482422,32.059200286865234,8742600.0
2015-07-29 00:00:00+00:00,43.06999969482422,43.27000045776367,42.75,43.22999954223633,32.17829513549805,13500800.0
2015-07-30 00:00:00+00:00,43.189998626708984,43.689998626708984,43.0099983215332,43.54999923706055,32.41648864746094,11315400.0
2015-07-31 00:00:00+00:00,43.95000076293945,44.34000015258789,43.900001525878906,43.9900016784668,32.74401092529297,12054200.0
2015-08-03 00:00:00+00:00,44.04999923706055,44.470001220703125,44.0,44.220001220703125,32.91522216796875,13197300.0
2015-08-04 00:00:00+00:00,44.11000061035156,44.16999816894531,43.41999816894531,43.5099983215332,32.38672637939453,12033600.0
2015-08-05 00:00:00+00:00,43.68000030517578,43.93000030517578,43.4900016784668,43.619998931884766,32.46860122680664,11156600.0
2015-08-06 00:00:00+00:00,43.72999954223633,43.88999938964844,43.22999954223633,43.849998474121094,32.63979721069336,17145100.0
2015-08-07 00:00:00+00:00,43.810001373291016,44.58000183105469,43.58000183105469,44.38999938964844,33.041751861572266,21163300.0
2015-08-10 00:00:00+00:00,44.400001525878906,44.61000061035156,44.119998931884766,44.209999084472656,32.90776824951172,12089500.0
2015-08-11 00:00:00+00:00,44.380001068115234,44.77000045776367,44.099998474121094,44.43000030517578,33.0715217590332,15122300.0
2015-08-12 00:00:00+00:00,44.380001068115234,45.29999923706055,44.279998779296875,45.220001220703125,33.659549713134766,23459800.0
2015-08-13 00:00:00+00:00,45.040000915527344,45.36000061035156,44.70000076293945,45.22999954223633,33.66701126098633,10778900.0
2015-08-14 00:00:00+00:00,45.04999923706055,45.599998474121094,44.95000076293945,45.56999969482422,33.92007827758789,10334300.0
2015-08-17 00:00:00+00:00,45.720001220703125,45.9900016784668,45.4900016784668,45.790000915527344,34.08384323120117,9159700.0
2015-08-18 00:00:00+00:00,45.63999938964844,45.7599983215332,45.4900016784668,45.68000030517578,34.001956939697266,11741300.0
2015-08-19 00:00:00+00:00,45.56999969482422,46.0099983215332,45.33000183105469,45.869998931884766,34.14339065551758,9245600.0
2015-08-20 00:00:00+00:00,45.68000030517578,46.13999938964844,45.439998626708984,45.599998474121094,33.942405700683594,12776000.0
2015-08-21 00:00:00+00:00,45.45000076293945,45.650001525878906,45.02000045776367,45.04999923706055,33.53302001953125,18747400.0
2015-08-24 00:00:00+00:00,44.15999984741211,44.56999969482422,43.150001525878906,43.36000061035156,32.275062561035156,35100500.0
2015-08-25 00:00:00+00:00,43.900001525878906,44.18000030517578,41.9900016784668,42.029998779296875,31.285066604614258,28632700.0
2015-08-26 00:00:00+00:00,42.31999969482422,42.880001068115234,41.970001220703125,42.779998779296875,31.843332290649414,21869900.0
2015-08-27 00:00:00+00:00,43.02000045776367,43.29999923706055,42.689998626708984,43.279998779296875,32.21553039550781,17045500.0
2015-08-28 00:00:00+00:00,43.220001220703125,43.349998474121094,42.560001373291016,43.150001525878906,32.118751525878906,9680700.0
2015-08-31 00:00:00+00:00,43.09000015258789,43.09000015258789,42.11000061035156,42.459999084472656,31.605146408081055,12078400.0
2015-09-01 00:00:00+00:00,42.0,42.08000183105469,41.08000183105469,41.310001373291016,30.7491397857666,19406200.0
2015-09-02 00:00:00+00:00,41.599998474121094,41.72999954223633,40.9900016784668,41.34000015258789,30.771474838256836,9121700.0
2015-09-03 00:00:00+00:00,41.25,41.7400016784668,41.25,41.529998779296875,30.912900924682617,8585200.0
2015-09-04 00:00:00+00:00,41.20000076293945,41.290000915527344,40.79999923706055,40.959999084472656,30.488618850708008,13429600.0
2015-09-07 00:00:00+00:00,,,,,,
2015-09-08 00:00:00+00:00,41.34000015258789,41.83000183105469,41.29999923706055,41.83000183105469,31.136205673217773,11206900.0
2015-09-09 00:00:00+00:00,41.93000030517578,42.04999923706055,41.22999954223633,41.310001373291016,30.7491397857666,11542500.0
2015-09-10 00:00:00+00:00,41.290000915527344,41.650001525878906,41.119998931884766,41.2400016784668,30.697038650512695,6766400.0
2015-09-11 00:00:00+00:00,41.189998626708984,41.56999969482422,41.0,41.54999923706055,30.927793502807617,7477900.0
2015-09-14 00:00:00+00:00,41.70000076293945,41.93000030517578,41.560001373291016,41.650001525878906,31.00222396850586,8372600.0
2015-09-15 00:00:00+00:00,41.70000076293945,41.970001220703125,41.439998626708984,41.869998931884766,31.16597557067871,6579100.0
2015-09-16 00:00:00+00:00,41.9900016784668,42.41999816894531,41.849998474121094,42.290000915527344,31.47861099243164,8619800.0
2015-09-17 00:00:00+00:00,42.16999816894531,43.41999816894531,42.16999816894531,42.869998931884766,31.91033172607422,22723100.0
2015-09-18 00:00:00+00:00,42.290000915527344,42.720001220703125,42.130001068115234,42.22999954223633,31.730743408203125,14358700.0
2015-09-21 00:00:00+00:00,42.20000076293945,42.619998931884766,42.20000076293945,42.400001525878906,31.85849380493164,8770900.0
2015-09-22 00:00:00+00:00,42.209999084472656,42.38999938964844,41.75,41.869998931884766,31.460250854492188,10972200.0
2015-09-23 00:00:00+00:00,41.880001068115234,42.08000183105469,41.72999954223633,41.97999954223633,31.542911529541016,5266500.0
2015-09-24 00:00:00+00:00,41.970001220703125,42.400001525878906,41.83000183105469,42.31999969482422,31.798381805419922,11326000.0
2015-09-25 00:00:00+00:00,42.400001525878906,43.150001525878906,42.20000076293945,42.72999954223633,32.10645294189453,9505000.0
2015-09-28 00:00:00+00:00,42.72999954223633,42.9900016784668,42.439998626708984,42.52000045776367,31.94865608215332,9507000.0
2015-09-29 00:00:00+00:00,42.599998474121094,42.779998779296875,42.36000061035156,42.529998779296875,31.956174850463867,8681400.0
2015-09-30 00:00:00+00:00,42.619998931884766,43.34000015258789,42.61000061035156,43.290000915527344,32.52721405029297,9638000.0
2015-10-01 00:00:00+00:00,43.38999938964844,43.45000076293945,42.459999084472656,42.779998779296875,32.144004821777344,15646000.0
2015-10-02 00:00:00+00:00,43.099998474121094,43.349998474121094,42.709999084472656,43.349998474121094,32.57229995727539,13198400.0
2015-10-05 00:00:00+00:00,43.470001220703125,43.97999954223633,43.310001373291016,43.90999984741211,32.993064880371094,12011200.0
2015-10-06 00:00:00+00:00,43.81999969482422,43.95000076293945,43.34000015258789,43.61000061035156,32.76765823364258,11521900.0
2015-10-07 00:00:00+00:00,43.65999984741211,43.75,43.38999938964844,43.459999084472656,32.65495300292969,9528400.0
2015-10-08 00:00:00+00:00,43.43000030517578,44.06999969482422,43.29999923706055,44.0,33.060699462890625,10530400.0
2015-10-09 00:00:00+00:00,43.9900016784668,44.029998779296875,43.650001525878906,43.790000915527344,32.90290069580078,13095100.0
2015-10-12 00:00:00+00:00,43.95000076293945,44.439998626708984,43.79999923706055,44.18000030517578,33.19594192504883,7493000.0
2015-10-13 00:00:00+00:00,44.13999938964844,44.33000183105469,43.9900016784668,44.08000183105469,33.12080001831055,9573400.0
2015-10-14 00:00:00+00:00,44.279998779296875,44.400001525878906,44.0099983215332,44.06999969482422,33.11328887939453,7845500.0
2015-10-15 00:00:00+00:00,44.2400016784668,44.79999923706055,44.029998779296875,44.720001220703125,33.601688385009766,8284100.0
2015-10-16 00:00:00+00:00,44.7599983215332,45.060001373291016,44.63999938964844,44.779998779296875,33.64677429199219,9408700.0
2015-10-19 00:00:00+00:00,44.7400016784668,44.83000183105469,44.36000061035156,44.810001373291016,33.6693115234375,10216200.0
2015-10-20 00:00:00+00:00,44.66999816894531,45.150001525878906,44.63999938964844,44.959999084472656,33.78202438354492,9763100.0
2015-10-21 00:00:00+00:00,45.09000015258789,45.33000183105469,44.84000015258789,44.869998931884766,33.71440887451172,8411000.0
2015-10-22 00:00:00+00:00,45.060001373291016,45.52000045776367,44.900001525878906,45.38999938964844,34.10511016845703,13110000.0
2015-10-23 00:00:00+00:00,45.349998474121094,45.369998931884766,44.560001373291016,44.59000015258789,33.50400924682617,12585200.0
2015-10-26 00:00:00+00:00,44.689998626708984,44.720001220703125,44.08000183105469,44.43000030517578,33.383785247802734,11113500.0
2015-10-27 00:00:00+00:00,44.38999938964844,44.4900016784668,44.130001068115234,44.27000045776367,33.26356506347656,8496200.0
2015-10-28 00:00:00+00:00,44.279998779296875,44.45000076293945,43.310001373291016,43.79999923706055,32.91041564941406,17421100.0
2015-10-29 00:00:00+00:00,43.58000183105469,43.720001220703125,42.970001220703125,43.54999923706055,32.72256851196289,16289800.0
2015-10-30 00:00:00+00:00,43.599998474121094,43.91999816894531,43.439998626708984,43.75,32.87285232543945,11631700.0
2015-11-02 00:00:00+00:00,43.720001220703125,43.88999938964844,43.459999084472656,43.79999923706055,32.91041564941406,17436800.0
2015-11-03 00:00:00+00:00,43.63999938964844,43.97999954223633,43.52000045776367,43.93000030517578,33.00809860229492,12433200.0
2015-11-04 00:00:00+00:00,43.880001068115234,44.29999923706055,43.880001068115234,44.15999984741211,33.18092346191406,10718900.0
2015-11-05 00:00:00+00:00,44.06999969482422,44.20000076293945,43.779998779296875,43.779998779296875,32.8953857421875,13762900.0
2015-11-06 00:00:00+00:00,43.06999969482422,43.16999816894531,41.88999938964844,42.25,31.74578094482422,32359000.0
2015-11-09 00:00:00+00:00,42.060001373291016,42.560001373291016,41.970001220703125,42.36000061035156,31.828433990478516,13333300.0
2015-11-10 00:00:00+00:00,42.380001068115234,42.869998931884766,42.29999923706055,42.7400016784668,32.113948822021484,8504600.0
2015-11-11 00:00:00+00:00,42.86000061035156,43.189998626708984,42.77000045776367,43.11000061035156,32.3919792175293,10973400.0
2015-11-12 00:00:00+00:00,43.0,43.40999984741211,42.66999816894531,42.70000076293945,32.08389663696289,8839600.0
2015-11-13 00:00:00+00:00,42.75,43.04999923706055,42.40999984741211,42.540000915527344,31.96367835998535,9516400.0
2015-11-16 00:00:00+00:00,42.619998931884766,43.27000045776367,42.470001220703125,43.2599983215332,32.504669189453125,9175600.0
2015-11-17 00:00:00+00:00,43.2400016784668,43.5,42.36000061035156,42.47999954223633,31.91860008239746,13494000.0
2015-11-18 00:00:00+00:00,42.5099983215332,42.84000015258789,42.130001068115234,42.75,32.12147521972656,15462500.0
2015-11-19 00:00:00+00:00,42.849998474121094,43.29999923706055,42.810001373291016,43.209999084472656,32.467105865478516,12364800.0
2015-11-20 00:00:00+00:00,43.279998779296875,43.70000076293945,43.20000076293945,43.38999938964844,32.602359771728516,12520000.0
2015-11-23 00:00:00+00:00,43.439998626708984,43.4900016784668,42.91999816894531,42.9900016784668,32.30180740356445,11897000.0
2015-11-24 00:00:00+00:00,42.79999923706055,42.9900016784668,42.59000015258789,42.93000030517578,32.25672149658203,8791700.0
2015-11-25 00:00:00+00:00,42.91999816894531,42.91999816894531,42.5099983215332,42.66999816894531,32.06136703491211,7678200.0
2015-11-26 00:00:00+00:00,,,,,,
2015-11-27 00:00:00+00:00,42.790000915527344,42.95000076293945,42.689998626708984,42.75,32.12147521972656,3980300.0
2015-11-30 00:00:00+00:00,42.79999923706055,43.130001068115234,42.72999954223633,42.81999969482422,32.17407989501953,11373000.0
2015-12-01 00:00:00+00:00,42.91999816894531,43.25,42.75,43.15999984741211,32.42953872680664,12551500.0
2015-12-02 00:00:00+00:00,42.9900016784668,43.099998474121094,42.189998626708984,42.20000076293945,31.708221435546875,12566100.0
2015-12-03 00:00:00+00:00,42.130001068115234,42.13999938964844,41.7400016784668,41.880001068115234,31.467775344848633,14879200.0
2015-12-04 00:00:00+00:00,42.029998779296875,42.529998779296875,41.900001525878906,42.470001220703125,31.91109275817871,10961500.0
2015-12-07 00:00:00+00:00,42.369998931884766,42.68000030517578,42.16999816894531,42.65999984741211,32.05385208129883,13515100.0
2015-12-08 00:00:00+00:00,42.4900016784668,42.65999984741211,42.2599983215332,42.599998474121094,32.00876998901367,10637900.0
2015-12-09 00:00:00+00:00,42.40999984741211,43.060001373291016,42.27000045776367,42.61000061035156,32.01628112792969,10675800.0
2015-12-10 00:00:00+00:00,42.54999923706055,42.630001068115234,41.869998931884766,41.90999984741211,31.490314483642578,9683600.0
2015-12-11 00:00:00+00:00,41.810001373291016,42.130001068115234,41.5,41.790000915527344,31.400148391723633,14352700.0
2015-12-14 00:00:00+00:00,41.95000076293945,42.0099983215332,41.5099983215332,42.0,31.557939529418945,16404600.0
2015-12-15 00:00:00+00:00,42.060001373291016,42.59000015258789,42.040000915527344,42.33000183105469,31.805904388427734,10110900.0
2015-12-16 00:00:00+00:00,42.4900016784668,43.470001220703125,42.36000061035156,43.400001525878906,32.60987091064453,18300500.0
2015-12-17 00:00:00+00:00,43.47999954223633,43.72999954223633,43.15999984741211,43.4900016784668,32.67749786376953,13161700.0
2015-12-18 00:00:00+00:00,42.9900016784668,43.040000915527344,42.18000030517578,42.5099983215332,32.27135467529297,18407200.0
2015-12-21 00:00:00+00:00,42.61000061035156,42.779998779296875,42.2599983215332,42.47999954223633,32.248573303222656,9031500.0
2015-12-22 00:00:00+00:00,42.599998474121094,42.95000076293945,42.209999084472656,42.84000015258789,32.52186584472656,8125800.0
2015-12-23 00:00:00+00:00,42.90999984741211,43.599998474121094,42.849998474121094,43.5,33.02289581298828,8581700.0
2015-12-24 00:00:00+00:00,43.349998474121094,43.599998474121094,43.349998474121094,43.470001220703125,33.0001335144043,2715800.0
2015-12-25 00:00:00+00:00,,,,,,
2015-12-28 00:00:00+00:00,43.209999084472656,43.61000061035156,43.209999084472656,43.54999923706055,33.06086349487305,5036500.0
2015-12-29 00:00:00+00:00,43.7599983215332,43.939998626708984,43.68000030517578,43.790000915527344,33.24305725097656,9223900.0
2015-12-30 00:00:00+00:00,43.81999969482422,43.939998626708984,43.65999984741211,43.75,33.21269607543945,7831500.0
2015-12-31 00:00:00+00:00,43.68000030517578,43.79999923706055,42.88999938964844,43.279998779296875,32.85589599609375,10431700.0
2016-01-01 00:00:00+00:00,,,,,,
2016-01-04 00:00:00+00:00,43.029998779296875,43.20000076293945,42.66999816894531,43.189998626708984,32.78755569458008,14846700.0
2016-01-05 00:00:00+00:00,43.16999816894531,43.61000061035156,42.560001373291016,43.5,33.02289581298828,10948000.0
2016-01-06 00:00:00+00:00,43.2400016784668,43.599998474121094,43.06999969482422,43.41999816894531,32.9621696472168,12718800.0
2016-01-07 00:00:00+00:00,42.95000076293945,43.349998474121094,42.869998931884766,43.130001068115234,32.74202346801758,12273700.0
2016-01-08 00:00:00+00:00,43.15999984741211,43.459999084472656,43.029998779296875,43.11000061035156,32.72684860229492,11680800.0
2016-01-11 00:00:00+00:00,43.13999938964844,43.540000915527344,43.119998931884766,43.34000015258789,32.901432037353516,16389600.0
2016-01-12 00:00:00+00:00,43.369998931884766,43.5,42.83000183105469,43.16999816894531,32.77238464355469,14360100.0
2016-01-13 00:00:00+00:00,43.33000183105469,43.52000045776367,43.02000045776367,43.150001525878906,32.757198333740234,17478900.0
2016-01-14 00:00:00+00:00,43.13999938964844,44.04999923706055,43.0,43.79999923706055,33.250648498535156,23083000.0
2016-01-15 00:00:00+00:00,43.36000061035156,43.68000030517578,42.88999938964844,43.40999984741211,32.954566955566406,18939100.0
2016-01-18 00:00:00+00:00,,,,,,
2016-01-19 00:00:00+00:00,43.63999938964844,44.18000030517578,43.470001220703125,44.060001373291016,33.44803237915039,17884600.0
2016-01-20 00:00:00+00:00,43.880001068115234,43.95000076293945,42.45000076293945,43.06999969482422,32.696468353271484,19900100.0
2016-01-21 00:00:00+00:00,43.20000076293945,43.36000061035156,42.650001525878906,43.029998779296875,32.66610336303711,14087900.0
2016-01-22 00:00:00+00:00,43.290000915527344,43.83000183105469,43.08000183105469,43.79999923706055,33.250648498535156,15060500.0
2016-01-25 00:00:00+00:00,43.779998779296875,43.88999938964844,43.27000045776367,43.43000030517578,32.96976089477539,13521400.0
2016-01-26 00:00:00+00:00,43.529998779296875,44.15999984741211,43.529998779296875,43.72999954223633,33.197505950927734,11459600.0
2016-01-27 00:00:00+00:00,43.650001525878906,44.150001525878906,43.459999084472656,43.83000183105469,33.27342987060547,13731900.0
2016-01-28 00:00:00+00:00,43.77000045776367,44.81999969482422,43.529998779296875,44.529998779296875,33.804832458496094,15563900.0
2016-01-29 00:00:00+00:00,44.81999969482422,45.459999084472656,44.81999969482422,45.41999816894531,34.48045349121094,17940400.0
2016-02-01 00:00:00+00:00,45.209999084472656,46.060001373291016,45.18000030517578,45.849998474121094,34.80690002441406,29610900.0
2016-02-02 00:00:00+00:00,45.68000030517578,46.099998474121094,45.459999084472656,46.04999923706055,34.958744049072266,15970100.0
2016-02-03 00:00:00+00:00,46.209999084472656,46.83000183105469,46.20000076293945,46.619998931884766,35.39145278930664,32952400.0
2016-02-04 00:00:00+00:00,46.58000183105469,46.83000183105469,46.29999923706055,46.41999816894531,35.2396125793457,27602600.0
2016-02-05 00:00:00+00:00,46.150001525878906,46.75,45.7400016784668,46.56999969482422,35.35348892211914,27386300.0
2016-02-08 00:00:00+00:00,46.470001220703125,47.0,45.97999954223633,46.40999984741211,35.232025146484375,29012400.0
2016-02-09 00:00:00+00:00,46.25,46.75,46.13999938964844,46.56999969482422,35.35348892211914,22620900.0
2016-02-10 00:00:00+00:00,46.459999084472656,46.77000045776367,45.720001220703125,46.52000045776367,35.315528869628906,25920600.0
2016-02-11 00:00:00+00:00,46.22999954223633,46.61000061035156,45.68000030517578,45.70000076293945,34.693031311035156,25390000.0
2016-02-12 00:00:00+00:00,45.66999816894531,45.93000030517578,45.189998626708984,45.560001373291016,34.586753845214844,21018700.0
2016-02-15 00:00:00+00:00,,,,,,
2016-02-16 00:00:00+00:00,45.790000915527344,45.95000076293945,45.369998931884766,45.849998474121094,34.80690002441406,14638600.0
2016-02-17 00:00:00+00:00,46.0,46.0,45.459999084472656,45.7599983215332,34.738582611083984,19080300.0
2016-02-18 00:00:00+00:00,45.66999816894531,46.66999816894531,45.630001068115234,46.5099983215332,35.30793380737305,18884300.0
2016-02-19 00:00:00+00:00,46.310001373291016,46.439998626708984,45.900001525878906,46.20000076293945,35.07258987426758,17020100.0
2016-02-22 00:00:00+00:00,46.45000076293945,46.7400016784668,46.189998626708984,46.7400016784668,35.482540130615234,12436600.0
2016-02-23 00:00:00+00:00,46.59000015258789,46.88999938964844,46.380001068115234,46.779998779296875,35.512901306152344,11788800.0
2016-02-24 00:00:00+00:00,46.779998779296875,47.09000015258789,46.58000183105469,47.0,35.67992401123047,16750900.0
2016-02-25 00:00:00+00:00,47.150001525878906,47.47999954223633,47.0099983215332,47.47999954223633,36.044307708740234,12161900.0
2016-02-26 00:00:00+00:00,47.209999084472656,47.31999969482422,46.15999984741211,46.16999816894531,35.04981994628906,32953600.0
2016-02-29 00:00:00+00:00,46.099998474121094,46.7400016784668,46.060001373291016,46.29999923706055,35.14852523803711,20137800.0
2016-03-01 00:00:00+00:00,46.540000915527344,46.650001525878906,45.779998779296875,46.06999969482422,34.973915100097656,23641700.0
2016-03-02 00:00:00+00:00,45.95000076293945,46.33000183105469,45.08000183105469,46.310001373291016,35.15611267089844,30224200.0
2016-03-03 00:00:00+00:00,46.380001068115234,46.59000015258789,45.7599983215332,46.59000015258789,35.368675231933594,21274100.0
2016-03-04 00:00:00+00:00,46.290000915527344,47.2599983215332,46.18000030517578,47.11000061035156,35.763427734375,22128400.0
2016-03-07 00:00:00+00:00,47.029998779296875,47.470001220703125,46.880001068115234,47.369998931884766,35.96079635620117,18492800.0
2016-03-08 00:00:00+00:00,47.459999084472656,47.880001068115234,47.209999084472656,47.84000015258789,36.31760787963867,16374800.0
2016-03-09 00:00:00+00:00,47.7400016784668,48.209999084472656,47.70000076293945,48.060001373291016,36.484622955322266,14256600.0
2016-03-10 00:00:00+00:00,48.040000915527344,48.2599983215332,47.63999938964844,48.099998474121094,36.514976501464844,19471400.0
2016-03-11 00:00:00+00:00,48.33000183105469,48.45000076293945,48.04999923706055,48.150001525878906,36.55293655395508,15695400.0
2016-03-14 00:00:00+00:00,48.13999938964844,48.29999923706055,47.939998626708984,48.209999084472656,36.59849166870117,11724800.0
2016-03-15 00:00:00+00:00,48.15999984741211,48.459999084472656,48.099998474121094,48.29999923706055,36.666812896728516,13737000.0
2016-03-16 00:00:00+00:00,48.119998931884766,49.040000915527344,47.79999923706055,49.040000915527344,37.22858428955078,27868200.0
2016-03-17 00:00:00+00:00,48.849998474121094,49.41999816894531,48.66999816894531,49.310001373291016,37.43355178833008,17534900.0
2016-03-18 00:00:00+00:00,48.939998626708984,49.09000015258789,48.61000061035156,48.630001068115234,37.194923400878906,16990700.0
2016-03-21 00:00:00+00:00,48.47999954223633,48.81999969482422,48.11000061035156,48.58000183105469,37.15667724609375,15743200.0
2016-03-22 00:00:00+00:00,48.52000045776367,48.779998779296875,48.36000061035156,48.41999816894531,37.0342903137207,11457400.0
2016-03-23 00:00:00+00:00,48.41999816894531,48.970001220703125,48.20000076293945,48.779998779296875,37.30964660644531,15239600.0
2016-03-24 00:00:00+00:00,48.7599983215332,48.97999954223633,48.619998931884766,48.90999984741211,37.40907669067383,15073500.0
2016-03-25 00:00:00+00:00,,,,,,
2016-03-28 00:00:00+00:00,48.9900016784668,49.25,48.630001068115234,48.72999954223633,37.27140426635742,11244600.0
2016-03-29 00:00:00+00:00,48.880001068115234,49.4900016784668,48.689998626708984,49.45000076293945,37.82210159301758,17553600.0
2016-03-30 00:00:00+00:00,49.45000076293945,49.560001373291016,49.150001525878906,49.33000183105469,37.73031234741211,14516900.0
2016-03-31 00:00:00+00:00,49.400001525878906,49.66999816894531,49.220001220703125,49.619998931884766,37.95211410522461,14703400.0
2016-04-01 00:00:00+00:00,49.41999816894531,49.880001068115234,49.2599983215332,49.810001373291016,38.09744644165039,17872600.0
2016-04-04 00:00:00+00:00,49.81999969482422,49.880001068115234,49.349998474121094,49.599998474121094,37.93682861328125,15286100.0
2016-04-05 00:00:00+00:00,49.4900016784668,49.56999969482422,48.630001068115234,48.66999816894531,37.225502014160156,18658400.0
2016-04-06 00:00:00+00:00,48.599998474121094,48.68000030517578,48.310001373291016,48.61000061035156,37.17961883544922,20294500.0
2016-04-07 00:00:00+00:00,48.540000915527344,48.90999984741211,48.459999084472656,48.59000015258789,37.16431427001953,15280200.0
2016-04-08 00:00:00+00:00,48.7400016784668,49.16999816894531,48.689998626708984,48.849998474121094,37.36317825317383,16436900.0
2016-04-11 00:00:00+00:00,48.849998474121094,49.15999984741211,48.599998474121094,48.63999938964844,37.20256805419922,11125000.0
2016-04-12 00:00:00+00:00,48.650001525878906,49.040000915527344,48.56999969482422,48.97999954223633,37.462608337402344,13427200.0
2016-04-13 00:00:00+00:00,49.119998931884766,49.119998931884766,48.41999816894531,48.68000030517578,37.2331657409668,13320500.0
2016-04-14 00:00:00+00:00,48.560001373291016,48.790000915527344,48.459999084472656,48.619998931884766,37.18727111816406,12090800.0
2016-04-15 00:00:00+00:00,48.720001220703125,49.0,48.54999923706055,48.88999938964844,37.393775939941406,10962900.0
2016-04-18 00:00:00+00:00,48.86000061035156,49.08000183105469,48.529998779296875,49.08000183105469,37.53910446166992,9124000.0
2016-04-19 00:00:00+00:00,49.130001068115234,49.22999954223633,48.84000015258789,49.15999984741211,37.600276947021484,10495400.0
2016-04-20 00:00:00+00:00,49.20000076293945,49.2599983215332,47.900001525878906,47.93000030517578,36.65951919555664,26068700.0
2016-04-21 00:00:00+00:00,47.75,47.880001068115234,46.72999954223633,46.93000030517578,35.894657135009766,32065700.0
2016-04-22 00:00:00+00:00,47.060001373291016,47.40999984741211,47.029998779296875,47.349998474121094,36.21590042114258,12309000.0
2016-04-25 00:00:00+00:00,47.150001525878906,47.45000076293945,47.119998931884766,47.439998626708984,36.284732818603516,12742900.0
2016-04-26 00:00:00+00:00,47.470001220703125,47.709999084472656,47.380001068115234,47.5099983215332,36.33827590942383,13021500.0
2016-04-27 00:00:00+00:00,47.650001525878906,48.47999954223633,47.5,48.20000076293945,36.866031646728516,24559200.0
2016-04-28 00:00:00+00:00,47.779998779296875,48.25,47.5,48.130001068115234,36.81248474121094,20158000.0
2016-04-29 00:00:00+00:00,47.93000030517578,48.470001220703125,47.56999969482422,48.41999816894531,37.0342903137207,20177200.0
2016-05-02 00:00:00+00:00,48.45000076293945,49.04999923706055,48.38999938964844,48.810001373291016,37.332576751708984,16366600.0
2016-05-03 00:00:00+00:00,48.77000045776367,49.029998779296875,48.5,48.77000045776367,37.302001953125,15746700.0
2016-05-04 00:00:00+00:00,48.790000915527344,49.650001525878906,48.63999938964844,49.34000015258789,37.73796463012695,17603900.0
2016-05-05 00:00:00+00:00,49.20000076293945,49.75,48.970001220703125,49.150001525878906,37.5926399230957,15826500.0
2016-05-06 00:00:00+00:00,48.90999984741211,49.08000183105469,48.38999938964844,48.83000183105469,37.34788131713867,20053600.0
2016-05-09 00:00:00+00:00,48.86000061035156,49.18000030517578,48.7599983215332,49.11000061035156,37.562049865722656,11231800.0
2016-05-10 00:00:00+00:00,49.15999984741211,49.34000015258789,48.97999954223633,49.15999984741211,37.600276947021484,13257900.0
2016-05-11 00:00:00+00:00,49.16999816894531,49.380001068115234,48.900001525878906,49.34000015258789,37.73796463012695,12173900.0
2016-05-12 00:00:00+00:00,49.2599983215332,49.709999084472656,49.08000183105469,49.630001068115234,37.95976638793945,17727700.0
2016-05-13 00:00:00+00:00,49.5,49.61000061035156,49.150001525878906,49.38999938964844,37.77619934082031,12626600.0
2016-05-16 00:00:00+00:00,49.220001220703125,49.459999084472656,49.040000915527344,49.45000076293945,37.82210159301758,11087100.0
2016-05-17 00:00:00+00:00,49.290000915527344,49.40999984741211,48.349998474121094,48.61000061035156,37.17961883544922,17533000.0
2016-05-18 00:00:00+00:00,48.33000183105469,48.709999084472656,47.540000915527344,47.70000076293945,36.483604431152344,27256500.0
2016-05-19 00:00:00+00:00,47.52000045776367,48.189998626708984,47.25,48.18000030517578,36.8507194519043,19582800.0
2016-05-20 00:00:00+00:00,48.290000915527344,48.349998474121094,47.91999816894531,48.290000915527344,36.93486022949219,15185700.0
2016-05-23 00:00:00+00:00,48.279998779296875,48.400001525878906,47.79999923706055,47.86000061035156,36.60597610473633,12690200.0
2016-05-24 00:00:00+00:00,47.939998626708984,48.400001525878906,47.869998931884766,48.34000015258789,36.973106384277344,13383300.0
2016-05-25 00:00:00+00:00,48.08000183105469,48.349998474121094,47.86000061035156,48.20000076293945,36.866031646728516,14349900.0
2016-05-26 00:00:00+00:00,48.13999938964844,48.810001373291016,48.13999938964844,48.75,37.28669357299805,13154500.0
2016-05-27 00:00:00+00:00,48.7400016784668,48.91999816894531,48.58000183105469,48.83000183105469,37.34788131713867,15105500.0
2016-05-30 00:00:00+00:00,,,,,,
2016-05-31 00:00:00+00:00,48.75,49.189998626708984,48.7400016784668,49.150001525878906,37.5926399230957,15586200.0
2016-06-01 00:00:00+00:00,49.13999938964844,49.34000015258789,49.040000915527344,49.279998779296875,37.692073822021484,11283100.0
2016-06-02 00:00:00+00:00,49.2400016784668,49.29999923706055,48.810001373291016,49.29999923706055,37.707366943359375,7703700.0
2016-06-03 00:00:00+00:00,49.95000076293945,50.349998474121094,49.709999084472656,50.08000183105469,38.303955078125,18718900.0
2016-06-06 00:00:00+00:00,50.099998474121094,50.27000045776367,49.79999923706055,50.0099983215332,38.25041198730469,10842800.0
2016-06-07 00:00:00+00:00,50.04999923706055,50.310001373291016,49.869998931884766,49.970001220703125,38.2198371887207,7904000.0
2016-06-08 00:00:00+00:00,49.959999084472656,50.310001373291016,49.88999938964844,50.27000045776367,38.449275970458984,6765100.0
2016-06-09 00:00:00+00:00,50.29999923706055,50.790000915527344,50.22999954223633,50.70000076293945,38.77817153930664,9702500.0
2016-06-10 00:00:00+00:00,50.650001525878906,50.90999984741211,50.369998931884766,50.56999969482422,38.67873764038086,12911300.0
2016-06-13 00:00:00+00:00,50.650001525878906,50.84000015258789,50.470001220703125,50.5099983215332,38.632850646972656,13071700.0
2016-06-14 00:00:00+00:00,50.529998779296875,50.810001373291016,50.2599983215332,50.779998779296875,38.839351654052734,11606400.0
2016-06-15 00:00:00+00:00,50.7599983215332,50.86000061035156,50.279998779296875,50.459999084472656,38.59458541870117,10891300.0
2016-06-16 00:00:00+00:00,50.400001525878906,50.88999938964844,50.36000061035156,50.779998779296875,38.839351654052734,10027100.0
2016-06-17 00:00:00+00:00,50.31999969482422,50.560001373291016,50.040000915527344,50.54999923706055,38.979705810546875,19211300.0
2016-06-20 00:00:00+00:00,50.470001220703125,50.619998931884766,49.97999954223633,50.36000061035156,38.83318328857422,15937900.0
2016-06-21 00:00:00+00:00,50.38999938964844,50.66999816894531,50.06999969482422,50.43000030517578,38.88715744018555,8669100.0
2016-06-22 00:00:00+00:00,50.43000030517578,50.5099983215332,50.13999938964844,50.189998626708984,38.702091217041016,7980300.0
2016-06-23 00:00:00+00:00,50.099998474121094,50.349998474121094,49.9900016784668,50.33000183105469,38.810054779052734,8425200.0
2016-06-24 00:00:00+00:00,50.220001220703125,50.86000061035156,49.790000915527344,50.40999984741211,38.87173843383789,24191000.0
2016-06-27 00:00:00+00:00,50.349998474121094,51.16999816894531,50.279998779296875,51.029998779296875,39.34982681274414,16787300.0
2016-06-28 00:00:00+00:00,51.04999923706055,51.25,50.630001068115234,51.220001220703125,39.496341705322266,13207300.0
2016-06-29 00:00:00+00:00,51.459999084472656,51.599998474121094,51.18000030517578,51.36000061035156,39.604305267333984,14013400.0
2016-06-30 00:00:00+00:00,51.59000015258789,52.529998779296875,51.36000061035156,52.470001220703125,40.46022415161133,17372400.0
2016-07-01 00:00:00+00:00,52.7599983215332,52.7599983215332,51.939998626708984,52.47999954223633,40.467960357666016,17480800.0
2016-07-04 00:00:00+00:00,,,,,,
2016-07-05 00:00:00+00:00,52.63999938964844,52.95000076293945,52.47999954223633,52.869998931884766,40.7686653137207,12553400.0
2016-07-06 00:00:00+00:00,52.810001373291016,53.02000045776367,52.5,52.97999954223633,40.8535041809082,15102700.0
2016-07-07 00:00:00+00:00,52.79999923706055,52.83000183105469,51.900001525878906,52.0,40.097808837890625,22718600.0
2016-07-08 00:00:00+00:00,51.54999923706055,52.56999969482422,51.439998626708984,52.540000915527344,40.51420974731445,16092400.0
2016-07-11 00:00:00+00:00,52.380001068115234,52.540000915527344,51.88999938964844,52.5,40.483367919921875,14506000.0
2016-07-12 00:00:00+00:00,52.150001525878906,52.36000061035156,51.75,51.779998779296875,39.928165435791016,18002300.0
2016-07-13 00:00:00+00:00,52.0,52.189998626708984,51.880001068115234,52.189998626708984,40.24431610107422,14604700.0
2016-07-14 00:00:00+00:00,51.66999816894531,52.09000015258789,51.61000061035156,51.849998474121094,39.98213577270508,17361300.0
2016-07-15 00:00:00+00:00,51.790000915527344,52.130001068115234,51.75,52.0,40.097808837890625,12951700.0
2016-07-18 00:00:00+00:00,52.060001373291016,52.310001373291016,52.04999923706055,52.150001525878906,40.213470458984375,11168100.0
2016-07-19 00:00:00+00:00,52.099998474121094,52.209999084472656,51.81999969482422,52.060001373291016,40.14408493041992,10682000.0
2016-07-20 00:00:00+00:00,51.9900016784668,52.11000061035156,51.68000030517578,51.7599983215332,39.91274642944336,11599600.0
2016-07-21 00:00:00+00:00,51.529998779296875,52.11000061035156,51.470001220703125,52.06999969482422,40.15177917480469,13259200.0
2016-07-22 00:00:00+00:00,51.939998626708984,52.810001373291016,51.88999938964844,52.7599983215332,40.68384552001953,13220700.0
2016-07-25 00:00:00+00:00,52.689998626708984,52.7400016784668,52.349998474121094,52.66999816894531,40.61444854736328,7155300.0
2016-07-26 00:00:00+00:00,52.689998626708984,52.72999954223633,52.060001373291016,52.209999084472656,40.25973892211914,12509100.0
2016-07-27 00:00:00+00:00,52.09000015258789,52.150001525878906,51.15999984741211,51.61000061035156,39.797080993652344,22559800.0
2016-07-28 00:00:00+00:00,51.58000183105469,51.900001525878906,51.459999084472656,51.810001373291016,39.95130157470703,9115800.0
2016-07-29 00:00:00+00:00,51.81999969482422,52.290000915527344,51.72999954223633,52.119998931884766,40.190338134765625,15474700.0
2016-08-01 00:00:00+00:00,51.9900016784668,52.27000045776367,51.959999084472656,52.150001525878906,40.213470458984375,11658500.0
2016-08-02 00:00:00+00:00,51.880001068115234,52.0099983215332,51.56999969482422,51.810001373291016,39.95130157470703,13705500.0
2016-08-03 00:00:00+00:00,51.810001373291016,51.900001525878906,51.34000015258789,51.5,39.712257385253906,11405300.0
2016-08-04 00:00:00+00:00,51.560001373291016,51.86000061035156,51.33000183105469,51.470001220703125,39.689125061035156,12272000.0
2016-08-05 00:00:00+00:00,51.18000030517578,51.290000915527344,50.70000076293945,50.72999954223633,39.11849594116211,26952100.0
2016-08-08 00:00:00+00:00,50.709999084472656,51.16999816894531,50.58000183105469,50.709999084472656,39.10307693481445,13526700.0
2016-08-09 00:00:00+00:00,50.779998779296875,50.970001220703125,50.56999969482422,50.70000076293945,39.095359802246094,10094200.0
2016-08-10 00:00:00+00:00,50.81999969482422,50.939998626708984,50.58000183105469,50.709999084472656,39.10307693481445,8490800.0
2016-08-11 00:00:00+00:00,50.70000076293945,50.86000061035156,50.54999923706055,50.83000183105469,39.19561004638672,9481500.0
2016-08-12 00:00:00+00:00,51.0099983215332,51.27000045776367,50.88999938964844,50.900001525878906,39.24958038330078,12161400.0
2016-08-15 00:00:00+00:00,50.900001525878906,51.08000183105469,50.119998931884766,50.119998931884766,38.648128509521484,12634400.0
2016-08-16 00:00:00+00:00,50.0,50.029998779296875,49.529998779296875,49.529998779296875,38.19315719604492,20181600.0
2016-08-17 00:00:00+00:00,49.470001220703125,50.369998931884766,49.09000015258789,50.27000045776367,38.76377868652344,28456600.0
2016-08-18 00:00:00+00:00,50.2599983215332,50.88999938964844,50.16999816894531,50.88999938964844,39.24187088012695,13944500.0
2016-08-19 00:00:00+00:00,50.540000915527344,50.75,50.0,50.27000045776367,38.76377868652344,14698000.0
2016-08-22 00:00:00+00:00,50.349998474121094,50.619998931884766,50.25,50.400001525878906,38.864017486572266,9101800.0
2016-08-23 00:00:00+00:00,50.47999954223633,50.720001220703125,50.150001525878906,50.18000030517578,38.69438552856445,9578700.0
2016-08-24 00:00:00+00:00,50.099998474121094,50.2400016784668,49.77000045776367,50.15999984741211,38.67896270751953,8048300.0
2016-08-25 00:00:00+00:00,50.11000061035156,50.36000061035156,50.099998474121094,50.189998626708984,38.702091217041016,7222800.0
2016-08-26 00:00:00+00:00,50.220001220703125,50.560001373291016,49.11000061035156,49.150001525878906,37.900142669677734,20911000.0
2016-08-29 00:00:00+00:00,49.29999923706055,49.66999816894531,49.25,49.54999923706055,38.208587646484375,13015700.0
2016-08-30 00:00:00+00:00,49.5099983215332,49.75,48.970001220703125,49.029998779296875,37.80760192871094,12261500.0
2016-08-31 00:00:00+00:00,48.97999954223633,49.25,48.869998931884766,49.22999954223633,37.96183395385742,11502100.0
2016-09-01 00:00:00+00:00,49.099998474121094,49.27000045776367,48.91999816894531,48.97999954223633,37.76905059814453,15982000.0
2016-09-02 00:00:00+00:00,49.15999984741211,49.68000030517578,49.060001373291016,49.630001068115234,38.27028274536133,16271000.0
2016-09-05 00:00:00+00:00,,,,,,
2016-09-06 00:00:00+00:00,49.88999938964844,50.22999954223633,49.75,50.16999816894531,38.686668395996094,15259100.0
2016-09-07 00:00:00+00:00,50.20000076293945,50.290000915527344,49.88999938964844,50.18000030517578,38.69438552856445,11490700.0
2016-09-08 00:00:00+00:00,49.84000015258789,50.40999984741211,49.84000015258789,50.349998474121094,38.82547378540039,12841600.0
2016-09-09 00:00:00+00:00,49.849998474121094,49.90999984741211,48.439998626708984,48.459999084472656,37.368080139160156,25759100.0
2016-09-12 00:00:00+00:00,48.380001068115234,49.41999816894531,48.380001068115234,49.31999969482422,38.03123092651367,25532300.0
2016-09-13 00:00:00+00:00,49.15999984741211,49.220001220703125,48.41999816894531,48.63999938964844,37.50687026977539,22296900.0
2016-09-14 00:00:00+00:00,48.81999969482422,49.220001220703125,48.61000061035156,48.83000183105469,37.653385162353516,15229800.0
2016-09-15 00:00:00+00:00,48.779998779296875,49.290000915527344,48.65999984741211,49.20000076293945,37.938697814941406,25261800.0
2016-09-16 00:00:00+00:00,48.849998474121094,49.33000183105469,48.4900016784668,49.2599983215332,38.308876037597656,21724200.0
2016-09-19 00:00:00+00:00,49.41999816894531,49.77000045776367,49.29999923706055,49.75,38.68993377685547,12530800.0
2016-09-20 00:00:00+00:00,49.95000076293945,50.029998779296875,49.630001068115234,49.65999984741211,38.61995315551758,12857900.0
2016-09-21 00:00:00+00:00,49.75,50.709999084472656,49.650001525878906,50.66999816894531,39.4054069519043,19405100.0
2016-09-22 00:00:00+00:00,51.08000183105469,51.09000015258789,50.61000061035156,50.97999954223633,39.646514892578125,12035300.0
2016-09-23 00:00:00+00:00,50.83000183105469,51.08000183105469,50.59000015258789,50.939998626708984,39.61539077758789,11003400.0
2016-09-26 00:00:00+00:00,50.939998626708984,51.02000045776367,50.63999938964844,50.810001373291016,39.51428985595703,8052800.0
2016-09-27 00:00:00+00:00,50.97999954223633,51.22999954223633,50.099998474121094,50.150001525878906,39.00101852416992,17939600.0
2016-09-28 00:00:00+00:00,50.18000030517578,50.34000015258789,49.650001525878906,50.08000183105469,38.94657897949219,16619200.0
2016-09-29 00:00:00+00:00,49.970001220703125,49.9900016784668,49.08000183105469,49.33000183105469,38.363304138183594,19247300.0
2016-09-30 00:00:00+00:00,49.369998931884766,49.72999954223633,48.7400016784668,48.9900016784668,38.098899841308594,14836300.0
2016-10-03 00:00:00+00:00,49.0099983215332,49.0099983215332,48.0099983215332,48.29999923706055,37.56229019165039,19492700.0
2016-10-04 00:00:00+00:00,48.27000045776367,48.310001373291016,47.0,47.290000915527344,36.7768440246582,25691800.0
2016-10-05 00:00:00+00:00,47.400001525878906,47.77000045776367,47.0099983215332,47.189998626708984,36.69905090332031,28171900.0
2016-10-06 00:00:00+00:00,47.029998779296875,47.41999816894531,46.790000915527344,47.18000030517578,36.6912727355957,20195700.0
2016-10-07 00:00:00+00:00,47.5099983215332,47.959999084472656,47.099998474121094,47.119998931884766,36.644630432128906,17215800.0
2016-10-10 00:00:00+00:00,47.150001525878906,47.54999923706055,47.150001525878906,47.5099983215332,36.94792175292969,9774800.0
2016-10-11 00:00:00+00:00,47.47999954223633,47.47999954223633,46.88999938964844,46.970001220703125,36.52796936035156,14347000.0
2016-10-12 00:00:00+00:00,47.0,47.52000045776367,46.91999816894531,47.43000030517578,36.88570022583008,15427300.0
2016-10-13 00:00:00+00:00,47.5099983215332,48.33000183105469,47.40999984741211,48.02000045776367,37.344547271728516,30542100.0
2016-10-14 00:00:00+00:00,47.77000045776367,48.22999954223633,47.68000030517578,47.75,37.13455581665039,17948300.0
2016-10-17 00:00:00+00:00,47.900001525878906,48.130001068115234,47.84000015258789,48.0099983215332,37.336761474609375,11439900.0
2016-10-18 00:00:00+00:00,48.220001220703125,48.52000045776367,47.79999923706055,48.41999816894531,37.655616760253906,14761100.0
2016-10-19 00:00:00+00:00,48.38999938964844,48.459999084472656,48.09000015258789,48.310001373291016,37.57007598876953,8502500.0
2016-10-20 00:00:00+00:00,48.400001525878906,48.65999984741211,48.189998626708984,48.279998779296875,37.54673767089844,8930800.0
2016-10-21 00:00:00+00:00,48.06999969482422,48.25,47.790000915527344,48.0,37.329002380371094,18153600.0
2016-10-24 00:00:00+00:00,48.209999084472656,48.36000061035156,47.88999938964844,48.18000030517578,37.468971252441406,10744700.0
2016-10-25 00:00:00+00:00,48.119998931884766,48.47999954223633,48.060001373291016,48.47999954223633,37.70227813720703,9886300.0
2016-10-26 00:00:00+00:00,48.349998474121094,48.65999984741211,48.11000061035156,48.599998474121094,37.79560852050781,10851000.0
2016-10-27 00:00:00+00:00,48.31999969482422,48.5099983215332,47.970001220703125,48.310001373291016,37.57007598876953,15554900.0
2016-10-28 00:00:00+00:00,48.279998779296875,48.689998626708984,48.20000076293945,48.459999084472656,37.68671417236328,16463900.0
2016-10-31 00:00:00+00:00,48.58000183105469,49.720001220703125,48.45000076293945,49.43000030517578,38.44108200073242,22715800.0
2016-11-01 00:00:00+00:00,49.290000915527344,49.38999938964844,48.400001525878906,48.529998779296875,37.74116134643555,24154400.0
2016-11-02 00:00:00+00:00,48.29999923706055,48.43000030517578,47.52000045776367,47.91999816894531,37.26676559448242,26491700.0
2016-11-03 00:00:00+00:00,47.79999923706055,48.290000915527344,47.630001068115234,48.099998474121094,37.40675735473633,11820500.0
2016-11-04 00:00:00+00:00,48.290000915527344,48.75,47.91999816894531,47.95000076293945,37.29010009765625,14557200.0
2016-11-07 00:00:00+00:00,48.150001525878906,48.79999923706055,47.689998626708984,48.790000915527344,37.94335174560547,17728100.0
2016-11-08 00:00:00+00:00,48.849998474121094,49.36000061035156,48.77000045776367,49.16999816894531,38.2388801574707,18847900.0
2016-11-09 00:00:00+00:00,48.310001373291016,48.349998474121094,47.279998779296875,47.36000061035156,36.83126449584961,42810200.0
2016-11-10 00:00:00+00:00,47.11000061035156,47.15999984741211,45.61000061035156,46.220001220703125,35.94470977783203,53123400.0
2016-11-11 00:00:00+00:00,46.119998931884766,46.65999984741211,45.849998474121094,46.029998779296875,35.796958923339844,30951500.0
2016-11-14 00:00:00+00:00,45.68000030517578,46.099998474121094,45.33000183105469,46.0,35.77360916137695,28190800.0
2016-11-15 00:00:00+00:00,46.2599983215332,46.849998474121094,46.2400016784668,46.7400016784668,36.349098205566406,25191800.0
2016-11-16 00:00:00+00:00,46.849998474121094,46.970001220703125,46.119998931884766,46.41999816894531,36.10023880004883,16817400.0
2016-11-17 00:00:00+00:00,46.20000076293945,46.68000030517578,46.20000076293945,46.43000030517578,36.10801696777344,19199800.0
2016-11-18 00:00:00+00:00,46.560001373291016,46.65999984741211,46.09000015258789,46.290000915527344,35.99913787841797,10698500.0
2016-11-21 00:00:00+00:00,46.41999816894531,46.790000915527344,46.349998474121094,46.779998779296875,36.38020706176758,12298300.0
2016-11-22 00:00:00+00:00,46.79999923706055,47.029998779296875,46.560001373291016,46.959999084472656,36.520198822021484,10643000.0
2016-11-23 00:00:00+00:00,46.29999923706055,46.91999816894531,46.29999923706055,46.4900016784668,36.15468215942383,14153400.0
2016-11-24 00:00:00+00:00,,,,,,
2016-11-25 00:00:00+00:00,46.560001373291016,47.31999969482422,46.560001373291016,47.15999984741211,36.67573928833008,7866200.0
2016-11-28 00:00:00+00:00,47.29999923706055,48.18000030517578,47.290000915527344,48.06999969482422,37.38341522216797,23431700.0
2016-11-29 00:00:00+00:00,47.95000076293945,48.5,47.869998931884766,48.27000045776367,37.538963317871094,14447700.0
2016-11-30 00:00:00+00:00,47.560001373291016,47.66999816894531,46.75,46.75,36.356876373291016,23467400.0
2016-12-01 00:00:00+00:00,46.36000061035156,46.56999969482422,46.040000915527344,46.380001068115234,36.06913375854492,18366100.0
2016-12-02 00:00:00+00:00,46.650001525878906,47.130001068115234,46.4900016784668,46.79999923706055,36.39575958251953,16399400.0
2016-12-05 00:00:00+00:00,46.599998474121094,46.869998931884766,46.16999816894531,46.86000061035156,36.44241714477539,14888300.0
2016-12-06 00:00:00+00:00,46.84000015258789,47.029998779296875,46.65999984741211,46.77000045776367,36.372432708740234,8422000.0
2016-12-07 00:00:00+00:00,46.939998626708984,47.380001068115234,46.88999938964844,47.380001068115234,36.84681701660156,12902400.0
2016-12-08 00:00:00+00:00,47.08000183105469,47.54999923706055,46.7400016784668,47.459999084472656,36.90903091430664,14395500.0
2016-12-09 00:00:00+00:00,47.41999816894531,47.97999954223633,47.41999816894531,47.959999084472656,37.297882080078125,16018900.0
2016-12-12 00:00:00+00:00,47.7599983215332,48.5099983215332,47.75,48.459999084472656,37.68671417236328,21980100.0
2016-12-13 00:00:00+00:00,48.70000076293945,49.0,48.52000045776367,48.959999084472656,38.0755729675293,20217000.0
2016-12-14 00:00:00+00:00,49.18000030517578,49.439998626708984,47.88999938964844,47.95000076293945,37.29010009765625,28353900.0
2016-12-15 00:00:00+00:00,47.849998474121094,48.34000015258789,47.599998474121094,48.290000915527344,37.55451583862305,17821600.0
2016-12-16 00:00:00+00:00,47.95000076293945,48.58000183105469,47.84000015258789,48.40999984741211,38.012298583984375,20119000.0
2016-12-19 00:00:00+00:00,48.70000076293945,48.720001220703125,48.16999816894531,48.59000015258789,38.15364074707031,11650200.0
2016-12-20 00:00:00+00:00,48.45000076293945,48.790000915527344,48.38999938964844,48.650001525878906,38.20075988769531,8663100.0
2016-12-21 00:00:00+00:00,48.65999984741211,48.88999938964844,48.439998626708984,48.45000076293945,38.043704986572266,8444200.0
2016-12-22 00:00:00+00:00,48.41999816894531,48.709999084472656,48.33000183105469,48.619998931884766,38.17719650268555,7465200.0
2016-12-23 00:00:00+00:00,48.68000030517578,48.79999923706055,48.45000076293945,48.61000061035156,38.169342041015625,7778500.0
2016-12-26 00:00:00+00:00,,,,,,
2016-12-27 00:00:00+00:00,48.41999816894531,48.77000045776367,48.369998931884766,48.650001525878906,38.20075988769531,13134400.0
2016-12-28 00:00:00+00:00,48.68000030517578,48.709999084472656,48.119998931884766,48.189998626708984,37.83955383300781,8829300.0
2016-12-29 00:00:00+00:00,48.380001068115234,48.91999816894531,48.2599983215332,48.84000015258789,38.349937438964844,14677800.0
2016-12-30 00:00:00+00:00,48.93000030517578,48.95000076293945,48.41999816894531,48.56999969482422,38.137939453125,14027700.0
2017-01-02 00:00:00+00:00,,,,,,
2017-01-03 00:00:00+00:00,48.5,48.630001068115234,48.13999938964844,48.45000076293945,38.043704986572266,18880700.0
2017-01-04 00:00:00+00:00,48.52000045776367,48.880001068115234,48.43000030517578,48.630001068115234,38.18504333496094,14550500.0
2017-01-05 00:00:00+00:00,48.7400016784668,48.7599983215332,48.15999984741211,48.68000030517578,38.22431564331055,16306400.0
2017-01-06 00:00:00+00:00,48.439998626708984,48.91999816894531,48.349998474121094,48.83000183105469,38.34208297729492,10967200.0
2017-01-09 00:00:00+00:00,49.0099983215332,49.029998779296875,48.18000030517578,48.189998626708984,37.83955383300781,13847200.0
2017-01-10 00:00:00+00:00,48.18000030517578,48.20000076293945,47.849998474121094,48.040000915527344,37.72177505493164,11224200.0
2017-01-11 00:00:00+00:00,48.029998779296875,48.59000015258789,48.02000045776367,48.540000915527344,38.114376068115234,13397700.0
2017-01-12 00:00:00+00:00,48.56999969482422,48.65999984741211,48.290000915527344,48.58000183105469,38.14578628540039,9410400.0
2017-01-13 00:00:00+00:00,48.47999954223633,48.650001525878906,48.20000076293945,48.5099983215332,38.090816497802734,12173300.0
2017-01-16 00:00:00+00:00,,,,,,
2017-01-17 00:00:00+00:00,48.66999816894531,49.20000076293945,48.630001068115234,49.040000915527344,38.506980895996094,15326000.0
2017-01-18 00:00:00+00:00,48.900001525878906,49.220001220703125,48.900001525878906,48.97999954223633,38.459869384765625,13230900.0
2017-01-19 00:00:00+00:00,48.70000076293945,48.97999954223633,48.43000030517578,48.54999923706055,38.12221908569336,13800500.0
2017-01-20 00:00:00+00:00,48.619998931884766,48.779998779296875,48.33000183105469,48.63999938964844,38.192901611328125,11874200.0
2017-01-23 00:00:00+00:00,48.709999084472656,48.81999969482422,48.34000015258789,48.38999938964844,37.99658966064453,10625500.0
2017-01-24 00:00:00+00:00,48.380001068115234,48.59000015258789,48.290000915527344,48.380001068115234,37.98873519897461,11049400.0
2017-01-25 00:00:00+00:00,48.15999984741211,48.43000030517578,48.11000061035156,48.380001068115234,37.98873519897461,19230000.0
2017-01-26 00:00:00+00:00,48.36000061035156,48.630001068115234,48.18000030517578,48.400001525878906,38.00444793701172,11488200.0
2017-01-27 00:00:00+00:00,48.4900016784668,48.63999938964844,48.290000915527344,48.38999938964844,37.99658966064453,7228800.0
2017-01-30 00:00:00+00:00,48.40999984741211,48.59000015258789,48.13999938964844,48.43000030517578,38.02800369262695,9319900.0
2017-01-31 00:00:00+00:00,48.470001220703125,49.220001220703125,48.41999816894531,49.18000030517578,38.61690902709961,15916500.0
2017-02-01 00:00:00+00:00,48.91999816894531,48.939998626708984,48.189998626708984,48.33000183105469,37.94948196411133,24379500.0
2017-02-02 00:00:00+00:00,48.47999954223633,48.84000015258789,48.189998626708984,48.84000015258789,38.349937438964844,15661100.0
2017-02-03 00:00:00+00:00,48.97999954223633,49.099998474121094,48.790000915527344,48.900001525878906,38.39705276489258,11336600.0
2017-02-06 00:00:00+00:00,49.09000015258789,49.119998931884766,48.75,48.79999923706055,38.31853103637695,7042000.0
2017-02-07 00:00:00+00:00,48.880001068115234,49.0,48.75,48.91999816894531,38.41276931762695,6109100.0
2017-02-08 00:00:00+00:00,49.040000915527344,49.4900016784668,48.95000076293945,49.400001525878906,38.78965377807617,15882000.0
2017-02-09 00:00:00+00:00,49.349998474121094,49.470001220703125,48.86000061035156,48.97999954223633,38.459869384765625,14496000.0
2017-02-10 00:00:00+00:00,48.849998474121094,49.36000061035156,48.84000015258789,49.290000915527344,38.70328903198242,9479600.0
2017-02-13 00:00:00+00:00,49.33000183105469,49.58000183105469,49.15999984741211,49.529998779296875,38.89173889160156,13042800.0
2017-02-14 00:00:00+00:00,49.459999084472656,49.47999954223633,48.90999984741211,49.16999816894531,38.60905838012695,18784300.0
2017-02-15 00:00:00+00:00,48.81999969482422,49.06999969482422,48.650001525878906,49.04999923706055,38.51484680175781,18925400.0
2017-02-16 00:00:00+00:00,49.060001373291016,49.560001373291016,49.060001373291016,49.540000915527344,38.899600982666016,14001100.0
2017-02-17 00:00:00+00:00,49.66999816894531,49.720001220703125,49.290000915527344,49.56999969482422,38.92314529418945,9973500.0
2017-02-20 00:00:00+00:00,,,,,,
2017-02-21 00:00:00+00:00,49.5,50.20000076293945,49.33000183105469,50.09000015258789,39.33145523071289,11358500.0
2017-02-22 00:00:00+00:00,50.09000015258789,50.400001525878906,49.88999938964844,50.29999923706055,39.49636459350586,16018600.0
2017-02-23 00:00:00+00:00,50.52000045776367,51.0,50.40999984741211,50.81999969482422,39.904666900634766,15003600.0
2017-02-24 00:00:00+00:00,50.9900016784668,51.59000015258789,50.9900016784668,51.59000015258789,40.50928497314453,18629700.0
2017-02-27 00:00:00+00:00,51.4900016784668,51.529998779296875,51.22999954223633,51.29999923706055,40.28158187866211,13982900.0
2017-02-28 00:00:00+00:00,51.290000915527344,51.900001525878906,51.20000076293945,51.77000045776367,40.6506233215332,14410400.0
2017-03-01 00:00:00+00:00,51.029998779296875,51.689998626708984,50.97999954223633,51.310001373291016,40.2894287109375,29121600.0
2017-03-02 00:00:00+00:00,51.130001068115234,52.0,51.060001373291016,51.68000030517578,40.5799560546875,17372800.0
2017-03-03 00:00:00+00:00,51.68000030517578,51.709999084472656,51.09000015258789,51.52000045776367,40.454322814941406,17575000.0
2017-03-06 00:00:00+00:00,51.43000030517578,51.529998779296875,51.2400016784668,51.41999816894531,40.37579345703125,7616800.0
2017-03-07 00:00:00+00:00,51.36000061035156,51.58000183105469,51.31999969482422,51.38999938964844,40.352237701416016,17951700.0
2017-03-08 00:00:00+00:00,50.95000076293945,51.0,50.54999923706055,50.650001525878906,39.771183013916016,18393900.0
2017-03-09 00:00:00+00:00,50.77000045776367,50.95000076293945,50.5,50.540000915527344,39.68480682373047,12842800.0
2017-03-10 00:00:00+00:00,50.810001373291016,51.060001373291016,50.63999938964844,50.959999084472656,40.014591217041016,11491800.0
2017-03-13 00:00:00+00:00,50.91999816894531,51.13999938964844,50.86000061035156,51.11000061035156,40.132381439208984,14058000.0
2017-03-14 00:00:00+00:00,51.04999923706055,51.20000076293945,50.88999938964844,51.060001373291016,40.09312057495117,11670500.0
2017-03-15 00:00:00+00:00,51.2400016784668,52.13999938964844,51.13999938964844,51.880001068115234,40.736995697021484,22619200.0
2017-03-16 00:00:00+00:00,51.779998779296875,51.779998779296875,51.209999084472656,51.310001373291016,40.2894287109375,18728400.0
2017-03-17 00:00:00+00:00,51.099998474121094,51.52000045776367,51.040000915527344,51.22999954223633,40.53231430053711,15128500.0
2017-03-20 00:00:00+00:00,51.349998474121094,51.45000076293945,50.75,50.88999938964844,40.26331329345703,7148000.0
2017-03-21 00:00:00+00:00,50.91999816894531,51.79999923706055,50.88999938964844,51.61000061035156,40.83295440673828,25417100.0
2017-03-22 00:00:00+00:00,51.81999969482422,52.22999954223633,51.650001525878906,51.86000061035156,41.030765533447266,25252800.0
2017-03-23 00:00:00+00:00,51.849998474121094,52.16999816894531,51.560001373291016,51.70000076293945,40.904178619384766,22565300.0
2017-03-24 00:00:00+00:00,51.72999954223633,52.08000183105469,51.599998474121094,51.88999938964844,41.054500579833984,12407100.0
2017-03-27 00:00:00+00:00,52.099998474121094,52.209999084472656,51.4900016784668,51.689998626708984,40.89627456665039,11821400.0
2017-03-28 00:00:00+00:00,51.68000030517578,51.7400016784668,51.41999816894531,51.650001525878906,40.8646125793457,8477800.0
2017-03-29 00:00:00+00:00,51.630001068115234,51.68000030517578,51.290000915527344,51.5099983215332,40.75384521484375,6955500.0
2017-03-30 00:00:00+00:00,51.43000030517578,51.43000030517578,50.970001220703125,51.11000061035156,40.437374114990234,19711200.0
2017-03-31 00:00:00+00:00,51.16999816894531,51.560001373291016,51.130001068115234,51.310001373291016,40.59561538696289,9991000.0
2017-04-03 00:00:00+00:00,51.310001373291016,51.310001373291016,50.83000183105469,51.29999923706055,40.587711334228516,15475800.0
2017-04-04 00:00:00+00:00,51.25,51.650001525878906,51.150001525878906,51.459999084472656,40.71429443359375,10134300.0
2017-04-05 00:00:00+00:00,51.400001525878906,51.79999923706055,51.290000915527344,51.75,40.943729400634766,12649500.0
2017-04-06 00:00:00+00:00,51.689998626708984,51.709999084472656,51.41999816894531,51.619998931884766,40.840877532958984,9388800.0
2017-04-07 00:00:00+00:00,51.81999969482422,51.88999938964844,51.36000061035156,51.400001525878906,40.66681671142578,19918000.0
2017-04-10 00:00:00+00:00,51.43000030517578,51.54999923706055,51.13999938964844,51.4900016784668,40.738033294677734,8484800.0
2017-04-11 00:00:00+00:00,51.52000045776367,51.56999969482422,51.130001068115234,51.470001220703125,40.722198486328125,9844200.0
2017-04-12 00:00:00+00:00,51.400001525878906,51.880001068115234,51.2400016784668,51.849998474121094,41.022850036621094,10521000.0
2017-04-13 00:00:00+00:00,51.90999984741211,51.91999816894531,51.45000076293945,51.68000030517578,40.88835144042969,10856100.0
2017-04-14 00:00:00+00:00,,,,,,
2017-04-17 00:00:00+00:00,51.79999923706055,51.93000030517578,51.65999984741211,51.90999984741211,41.0703239440918,7272600.0
2017-04-18 00:00:00+00:00,51.9900016784668,52.13999938964844,51.83000183105469,52.029998779296875,41.165260314941406,14707400.0
2017-04-19 00:00:00+00:00,51.970001220703125,51.9900016784668,51.4900016784668,51.66999816894531,40.88044357299805,12517000.0
2017-04-20 00:00:00+00:00,51.61000061035156,51.61000061035156,51.099998474121094,51.470001220703125,40.722198486328125,13482300.0
2017-04-21 00:00:00+00:00,51.400001525878906,51.95000076293945,51.400001525878906,51.72999954223633,40.927921295166016,13258700.0
2017-04-24 00:00:00+00:00,51.779998779296875,52.060001373291016,51.43000030517578,52.0,41.14152526855469,18106700.0
2017-04-25 00:00:00+00:00,51.849998474121094,52.0099983215332,51.63999938964844,51.93000030517578,41.086143493652344,10891600.0
2017-04-26 00:00:00+00:00,51.91999816894531,52.15999984741211,51.720001220703125,51.77000045776367,40.959556579589844,9597400.0
2017-04-27 00:00:00+00:00,51.75,52.20000076293945,51.709999084472656,51.95000076293945,41.101966857910156,9466500.0
2017-04-28 00:00:00+00:00,51.880001068115234,51.95000076293945,51.540000915527344,51.70000076293945,40.904178619384766,9405700.0
2017-05-01 00:00:00+00:00,51.81999969482422,51.81999969482422,51.2599983215332,51.38999938964844,40.65890121459961,10692500.0
2017-05-02 00:00:00+00:00,51.45000076293945,51.63999938964844,51.2400016784668,51.45000076293945,40.70638656616211,9438600.0
2017-05-03 00:00:00+00:00,51.52000045776367,51.58000183105469,51.2400016784668,51.27000045776367,40.563968658447266,10507200.0
2017-05-04 00:00:00+00:00,51.119998931884766,51.5099983215332,51.11000061035156,51.45000076293945,40.70638656616211,14039100.0
2017-05-05 00:00:00+00:00,51.599998474121094,51.91999816894531,51.54999923706055,51.72999954223633,40.927921295166016,10785300.0
2017-05-08 00:00:00+00:00,51.77000045776367,51.83000183105469,51.45000076293945,51.709999084472656,40.91208267211914,8789700.0
2017-05-09 00:00:00+00:00,51.66999816894531,51.709999084472656,51.2400016784668,51.33000183105469,40.6114387512207,7758900.0
2017-05-10 00:00:00+00:00,51.369998931884766,51.52000045776367,51.130001068115234,51.40999984741211,40.67472839355469,8439800.0
2017-05-11 00:00:00+00:00,51.279998779296875,51.47999954223633,51.06999969482422,51.47999954223633,40.73011016845703,7699200.0
2017-05-12 00:00:00+00:00,51.599998474121094,51.84000015258789,51.529998779296875,51.72999954223633,40.927921295166016,7523100.0
2017-05-15 00:00:00+00:00,51.7400016784668,52.040000915527344,51.68000030517578,51.95000076293945,41.101966857910156,6351100.0
2017-05-16 00:00:00+00:00,51.869998931884766,52.02000045776367,51.5099983215332,51.56999969482422,40.801307678222656,7653100.0
2017-05-17 00:00:00+00:00,51.70000076293945,51.939998626708984,51.470001220703125,51.70000076293945,40.904178619384766,15032800.0
2017-05-18 00:00:00+00:00,51.810001373291016,52.150001525878906,51.439998626708984,51.880001068115234,41.04658508300781,16876000.0
2017-05-19 00:00:00+00:00,51.869998931884766,52.08000183105469,51.58000183105469,52.08000183105469,41.204830169677734,9901300.0
2017-05-22 00:00:00+00:00,52.0,52.61000061035156,51.970001220703125,52.529998779296875,41.560848236083984,7779300.0
2017-05-23 00:00:00+00:00,52.619998931884766,52.97999954223633,52.529998779296875,52.66999816894531,41.67162322998047,15290200.0
2017-05-24 00:00:00+00:00,52.720001220703125,53.060001373291016,52.66999816894531,52.970001220703125,41.90897750854492,7602300.0
2017-05-25 00:00:00+00:00,53.08000183105469,53.4900016784668,52.95000076293945,53.400001525878906,42.24918746948242,16777300.0
2017-05-26 00:00:00+00:00,53.43000030517578,53.52000045776367,53.29999923706055,53.400001525878906,42.24918746948242,7649600.0
2017-05-29 00:00:00+00:00,,,,,,
2017-05-30 00:00:00+00:00,53.439998626708984,53.70000076293945,53.290000915527344,53.56999969482422,42.383689880371094,6292300.0
2017-05-31 00:00:00+00:00,53.630001068115234,54.029998779296875,53.56999969482422,53.84000015258789,42.5973014831543,12620700.0
2017-06-01 00:00:00+00:00,53.70000076293945,54.22999954223633,53.63999938964844,54.220001220703125,42.89795684814453,11118600.0
2017-06-02 00:00:00+00:00,54.630001068115234,54.630001068115234,54.119998931884766,54.279998779296875,42.94541931152344,9956600.0
2017-06-05 00:00:00+00:00,54.279998779296875,54.33000183105469,54.029998779296875,54.11000061035156,42.8109245300293,7350000.0
2017-06-06 00:00:00+00:00,54.22999954223633,54.22999954223633,53.91999816894531,53.9900016784668,42.71598434448242,7501200.0
2017-06-07 00:00:00+00:00,53.9900016784668,54.29999923706055,53.900001525878906,54.16999816894531,42.8583869934082,7881300.0
2017-06-08 00:00:00+00:00,54.060001373291016,54.099998474121094,53.38999938964844,53.720001220703125,42.50237274169922,13292600.0
2017-06-09 00:00:00+00:00,53.54999923706055,53.709999084472656,53.290000915527344,53.66999816894531,42.46279525756836,13938200.0
2017-06-12 00:00:00+00:00,53.7400016784668,53.959999084472656,53.27000045776367,53.56999969482422,42.383689880371094,12821100.0
2017-06-13 00:00:00+00:00,53.5099983215332,53.7400016784668,53.380001068115234,53.70000076293945,42.486549377441406,8914900.0
2017-06-14 00:00:00+00:00,54.040000915527344,54.279998779296875,53.81999969482422,53.9900016784668,42.71598434448242,15832100.0
2017-06-15 00:00:00+00:00,53.84000015258789,54.36000061035156,53.84000015258789,54.29999923706055,42.961238861083984,15549500.0
2017-06-16 00:00:00+00:00,54.02000045776367,54.220001220703125,53.91999816894531,54.11000061035156,43.15825653076172,17695800.0
2017-06-19 00:00:00+00:00,54.15999984741211,54.189998626708984,53.7400016784668,53.93000030517578,43.01469039916992,17822300.0
2017-06-20 00:00:00+00:00,53.9900016784668,54.029998779296875,53.86000061035156,53.959999084472656,43.03861618041992,7588500.0
2017-06-21 00:00:00+00:00,53.95000076293945,54.029998779296875,53.36000061035156,53.63999938964844,42.78338623046875,10076600.0
2017-06-22 00:00:00+00:00,53.560001373291016,53.7599983215332,53.349998474121094,53.38999938964844,42.583988189697266,7931200.0
2017-06-23 00:00:00+00:00,53.400001525878906,53.599998474121094,53.099998474121094,53.209999084472656,42.44041061401367,8643100.0
2017-06-26 00:00:00+00:00,53.33000183105469,53.869998931884766,53.13999938964844,53.56999969482422,42.72755813598633,10355000.0
2017-06-27 00:00:00+00:00,53.33000183105469,53.47999954223633,52.81999969482422,52.970001220703125,42.24898910522461,10478800.0
2017-06-28 00:00:00+00:00,53.130001068115234,53.25,52.40999984741211,52.459999084472656,41.842220306396484,9288800.0
2017-06-29 00:00:00+00:00,52.150001525878906,52.220001220703125,51.84000015258789,52.040000915527344,41.50721740722656,20595700.0
2017-06-30 00:00:00+00:00,52.099998474121094,52.380001068115234,51.959999084472656,51.959999084472656,41.44340515136719,15112900.0
2017-07-03 00:00:00+00:00,52.040000915527344,52.18000030517578,51.650001525878906,51.720001220703125,41.251983642578125,12704700.0
2017-07-04 00:00:00+00:00,,,,,,
2017-07-05 00:00:00+00:00,51.88999938964844,51.88999938964844,51.33000183105469,51.470001220703125,41.05259323120117,14002600.0
2017-07-06 00:00:00+00:00,51.2599983215332,51.5099983215332,51.2599983215332,51.45000076293945,41.03664016723633,14036800.0
2017-07-07 00:00:00+00:00,51.439998626708984,51.7400016784668,51.38999938964844,51.4900016784668,41.068546295166016,13263000.0
2017-07-10 00:00:00+00:00,51.63999938964844,51.7599983215332,51.40999984741211,51.45000076293945,41.03664016723633,16313800.0
2017-07-11 00:00:00+00:00,51.529998779296875,51.529998779296875,51.16999816894531,51.41999816894531,41.01270294189453,9055900.0
2017-07-12 00:00:00+00:00,51.869998931884766,52.0099983215332,51.77000045776367,51.86000061035156,41.3636474609375,12143000.0
2017-07-13 00:00:00+00:00,51.83000183105469,51.970001220703125,51.63999938964844,51.68000030517578,41.220088958740234,6921000.0
2017-07-14 00:00:00+00:00,52.02000045776367,52.15999984741211,51.86000061035156,51.91999816894531,41.41150665283203,12607500.0
2017-07-17 00:00:00+00:00,51.95000076293945,52.15999984741211,51.84000015258789,52.15999984741211,41.602935791015625,7669000.0
2017-07-18 00:00:00+00:00,52.279998779296875,52.369998931884766,52.13999938964844,52.310001373291016,41.72256088256836,7890400.0
2017-07-19 00:00:00+00:00,52.400001525878906,52.54999923706055,52.25,52.529998779296875,41.89805221557617,10669400.0
2017-07-20 00:00:00+00:00,52.66999816894531,52.91999816894531,52.540000915527344,52.90999984741211,42.201133728027344,8462500.0
2017-07-21 00:00:00+00:00,52.91999816894531,53.290000915527344,52.7400016784668,53.290000915527344,42.504215240478516,9252000.0
2017-07-24 00:00:00+00:00,53.31999969482422,53.31999969482422,52.709999084472656,52.790000915527344,42.10542297363281,10534800.0
2017-07-25 00:00:00+00:00,52.68000030517578,52.83000183105469,52.43000030517578,52.4900016784668,41.86613464355469,10568100.0
2017-07-26 00:00:00+00:00,52.47999954223633,52.9900016784668,52.400001525878906,52.9900016784668,42.26493835449219,8631200.0
2017-07-27 00:00:00+00:00,52.84000015258789,53.119998931884766,52.779998779296875,53.119998931884766,42.36861801147461,9586900.0
2017-07-28 00:00:00+00:00,53.040000915527344,53.189998626708984,52.790000915527344,53.040000915527344,42.3048210144043,9639000.0
2017-07-31 00:00:00+00:00,52.97999954223633,53.34000015258789,52.900001525878906,53.220001220703125,42.44838333129883,11861300.0
2017-08-01 00:00:00+00:00,53.29999923706055,53.619998931884766,53.25,53.52000045776367,42.68766403198242,10823100.0
2017-08-02 00:00:00+00:00,53.40999984741211,53.7599983215332,53.09000015258789,53.75,42.871116638183594,8015900.0
2017-08-03 00:00:00+00:00,53.81999969482422,54.02000045776367,53.58000183105469,54.02000045776367,43.08647537231445,10464700.0
2017-08-04 00:00:00+00:00,53.7400016784668,53.900001525878906,53.4900016784668,53.779998779296875,42.895042419433594,17465400.0
2017-08-07 00:00:00+00:00,53.84000015258789,53.970001220703125,53.70000076293945,53.95000076293945,43.030635833740234,5161400.0
2017-08-08 00:00:00+00:00,53.900001525878906,54.16999816894531,53.83000183105469,54.16999816894531,43.20610809326172,7568700.0
2017-08-09 00:00:00+00:00,54.2599983215332,54.400001525878906,53.849998474121094,53.88999938964844,42.982784271240234,8852200.0
2017-08-10 00:00:00+00:00,53.810001373291016,54.15999984741211,53.689998626708984,54.060001373291016,43.11837387084961,9614800.0
2017-08-11 00:00:00+00:00,53.939998626708984,54.04999923706055,53.54999923706055,53.7400016784668,42.86314392089844,9336300.0
2017-08-14 00:00:00+00:00,53.75,54.08000183105469,53.7400016784668,54.04999923706055,43.11039352416992,11827800.0
2017-08-15 00:00:00+00:00,53.68000030517578,54.38999938964844,53.650001525878906,54.349998474121094,43.34968185424805,9582300.0
2017-08-16 00:00:00+00:00,54.2599983215332,54.599998474121094,54.2599983215332,54.56999969482422,43.525150299072266,7131800.0
2017-08-17 00:00:00+00:00,54.45000076293945,54.630001068115234,54.13999938964844,54.18000030517578,43.21409606933594,8956300.0
2017-08-18 00:00:00+00:00,54.0,54.7599983215332,54.0,54.5,43.469322204589844,14848800.0
2017-08-21 00:00:00+00:00,54.65999984741211,54.790000915527344,54.45000076293945,54.70000076293945,43.628841400146484,5656000.0
2017-08-22 00:00:00+00:00,54.72999954223633,54.83000183105469,54.540000915527344,54.81999969482422,43.72455978393555,8150300.0
2017-08-23 00:00:00+00:00,54.79999923706055,55.02000045776367,54.619998931884766,55.0,43.86812210083008,7046300.0
2017-08-24 00:00:00+00:00,54.970001220703125,55.09000015258789,54.86000061035156,54.959999084472656,43.836219787597656,7017400.0
2017-08-25 00:00:00+00:00,55.09000015258789,55.34000015258789,54.959999084472656,55.13999938964844,43.97978591918945,7861800.0
2017-08-28 00:00:00+00:00,55.33000183105469,55.33000183105469,54.97999954223633,55.2400016784668,44.059547424316406,7872700.0
2017-08-29 00:00:00+00:00,55.33000183105469,55.41999816894531,55.11000061035156,55.119998931884766,43.96382522583008,7930300.0
2017-08-30 00:00:00+00:00,55.09000015258789,55.13999938964844,54.880001068115234,54.959999084472656,43.836219787597656,5751100.0
2017-08-31 00:00:00+00:00,55.0099983215332,55.119998931884766,54.93000030517578,54.970001220703125,43.84419250488281,10469500.0
2017-09-01 00:00:00+00:00,55.04999923706055,55.13999938964844,54.63999938964844,54.79999923706055,43.70859909057617,11268700.0
2017-09-04 00:00:00+00:00,,,,,,
2017-09-05 00:00:00+00:00,54.900001525878906,54.97999954223633,54.630001068115234,54.939998626708984,43.82025909423828,9040400.0
2017-09-06 00:00:00+00:00,55.0,55.09000015258789,54.59000015258789,54.689998626708984,43.62086486816406,11428700.0
2017-09-07 00:00:00+00:00,54.7400016784668,55.15999984741211,54.689998626708984,55.099998474121094,43.9478759765625,12351700.0
2017-09-08 00:00:00+00:00,55.02000045776367,55.400001525878906,54.91999816894531,55.36000061035156,44.15525817871094,9019900.0
2017-09-11 00:00:00+00:00,55.2599983215332,55.900001525878906,55.25,55.83000183105469,44.53012466430664,10091600.0
2017-09-12 00:00:00+00:00,55.790000915527344,55.790000915527344,54.599998474121094,54.900001525878906,43.788368225097656,18895300.0
2017-09-13 00:00:00+00:00,54.849998474121094,54.88999938964844,54.59000015258789,54.630001068115234,43.5730094909668,10729100.0
2017-09-14 00:00:00+00:00,54.599998474121094,55.119998931884766,54.439998626708984,55.09000015258789,43.93990707397461,10195400.0
2017-09-15 00:00:00+00:00,54.83000183105469,54.90999984741211,54.5,54.75,44.00178909301758,8515100.0
2017-09-18 00:00:00+00:00,54.709999084472656,54.75,53.83000183105469,54.189998626708984,43.55172348022461,15803500.0
2017-09-19 00:00:00+00:00,54.279998779296875,54.31999969482422,54.0,54.08000183105469,43.46332931518555,15780000.0
2017-09-20 00:00:00+00:00,54.16999816894531,54.290000915527344,53.470001220703125,53.68000030517578,43.1418342590332,19747000.0
2017-09-21 00:00:00+00:00,53.72999954223633,54.02000045776367,53.599998474121094,53.66999816894531,43.133811950683594,10712300.0
2017-09-22 00:00:00+00:00,53.81999969482422,53.88999938964844,53.22999954223633,53.22999954223633,42.78019714355469,11241900.0
2017-09-25 00:00:00+00:00,53.310001373291016,53.779998779296875,53.220001220703125,53.720001220703125,43.17399978637695,11723300.0
2017-09-26 00:00:00+00:00,53.70000076293945,53.810001373291016,53.52000045776367,53.619998931884766,43.09362030029297,10011100.0
2017-09-27 00:00:00+00:00,53.25,53.459999084472656,52.63999938964844,52.900001525878906,42.51497268676758,12350800.0
2017-09-28 00:00:00+00:00,52.709999084472656,53.22999954223633,52.56999969482422,53.09000015258789,42.66766357421875,14182500.0
2017-09-29 00:00:00+00:00,53.11000061035156,53.27000045776367,52.86000061035156,53.04999923706055,42.63553237915039,12127100.0
2017-10-02 00:00:00+00:00,53.02000045776367,53.38999938964844,52.959999084472656,53.13999938964844,42.707862854003906,16614300.0
2017-10-03 00:00:00+00:00,53.16999816894531,53.18000030517578,52.65999984741211,52.9900016784668,42.587303161621094,9557500.0
2017-10-04 00:00:00+00:00,53.02000045776367,53.540000915527344,52.86000061035156,53.52000045776367,43.01325225830078,12140500.0
2017-10-05 00:00:00+00:00,53.5,53.58000183105469,53.22999954223633,53.470001220703125,42.97308349609375,12639200.0
2017-10-06 00:00:00+00:00,53.220001220703125,53.45000076293945,53.02000045776367,53.43000030517578,42.9409294128418,10418200.0
2017-10-09 00:00:00+00:00,53.529998779296875,53.630001068115234,53.43000030517578,53.5,42.9971809387207,7340700.0
2017-10-10 00:00:00+00:00,53.630001068115234,54.029998779296875,53.459999084472656,54.02000045776367,43.415103912353516,8326800.0
2017-10-11 00:00:00+00:00,53.959999084472656,54.52000045776367,53.95000076293945,54.25,43.59994888305664,15469100.0
2017-10-12 00:00:00+00:00,54.310001373291016,54.66999816894531,54.220001220703125,54.529998779296875,43.824981689453125,13668200.0
2017-10-13 00:00:00+00:00,54.68000030517578,54.77000045776367,53.9900016784668,54.150001525878906,43.51958084106445,12712700.0
2017-10-16 00:00:00+00:00,54.130001068115234,54.25,53.59000015258789,54.029998779296875,43.423133850097656,11246400.0
2017-10-17 00:00:00+00:00,54.0,54.459999084472656,53.849998474121094,54.349998474121094,43.680320739746094,9599600.0
2017-10-18 00:00:00+00:00,54.119998931884766,54.36000061035156,54.040000915527344,54.25,43.59994888305664,8691000.0
2017-10-19 00:00:00+00:00,54.349998474121094,54.81999969482422,54.290000915527344,54.81999969482422,44.05805206298828,10285900.0
2017-10-20 00:00:00+00:00,54.599998474121094,54.970001220703125,54.58000183105469,54.86000061035156,44.09020233154297,11231400.0
2017-10-23 00:00:00+00:00,54.849998474121094,55.0,54.65999984741211,54.88999938964844,44.11430358886719,10611000.0
2017-10-24 00:00:00+00:00,54.79999923706055,55.0,54.66999816894531,54.939998626708984,44.154483795166016,11335700.0
2017-10-25 00:00:00+00:00,54.709999084472656,54.810001373291016,54.04999923706055,54.70000076293945,43.961605072021484,18331300.0
2017-10-26 00:00:00+00:00,54.959999084472656,55.25,54.689998626708984,54.709999084472656,43.969635009765625,17329600.0
2017-10-27 00:00:00+00:00,54.650001525878906,55.18000030517578,54.54999923706055,55.04999923706055,44.242889404296875,10366100.0
2017-10-30 00:00:00+00:00,54.650001525878906,55.16999816894531,54.650001525878906,55.060001373291016,44.25092697143555,10057400.0
2017-10-31 00:00:00+00:00,55.02000045776367,55.22999954223633,54.880001068115234,55.119998931884766,44.29914474487305,9532000.0
2017-11-01 00:00:00+00:00,55.209999084472656,55.209999084472656,54.709999084472656,54.810001373291016,44.050010681152344,10879200.0
2017-11-02 00:00:00+00:00,54.810001373291016,55.2400016784668,54.66999816894531,55.0099983215332,44.21075439453125,14726900.0
2017-11-03 00:00:00+00:00,54.939998626708984,55.47999954223633,54.81999969482422,55.209999084472656,44.37148666381836,11632200.0
2017-11-06 00:00:00+00:00,55.279998779296875,55.310001373291016,54.970001220703125,55.0,44.20270919799805,11996500.0
2017-11-07 00:00:00+00:00,55.09000015258789,55.7400016784668,54.88999938964844,55.65999984741211,44.73314666748047,11324500.0
2017-11-08 00:00:00+00:00,55.630001068115234,55.849998474121094,55.310001373291016,55.70000076293945,44.765289306640625,9584900.0
2017-11-09 00:00:00+00:00,55.540000915527344,55.869998931884766,55.40999984741211,55.77000045776367,44.82154083251953,10762600.0
2017-11-10 00:00:00+00:00,55.470001220703125,55.63999938964844,55.31999969482422,55.5099983215332,44.61258316040039,11036500.0
2017-11-13 00:00:00+00:00,55.56999969482422,56.220001220703125,55.56999969482422,56.16999816894531,45.143009185791016,9822800.0
2017-11-14 00:00:00+00:00,56.0099983215332,56.90999984741211,55.9900016784668,56.869998931884766,45.70560836791992,12373800.0
2017-11-15 00:00:00+00:00,57.09000015258789,57.22999954223633,56.31999969482422,56.380001068115234,45.31180191040039,12065200.0
2017-11-16 00:00:00+00:00,56.2400016784668,56.369998931884766,56.029998779296875,56.20000076293945,45.167137145996094,11441100.0
2017-11-17 00:00:00+00:00,56.08000183105469,56.220001220703125,55.7599983215332,55.810001373291016,44.853694915771484,16650400.0
2017-11-20 00:00:00+00:00,55.84000015258789,55.90999984741211,55.54999923706055,55.63999938964844,44.71708297729492,9291900.0
2017-11-21 00:00:00+00:00,55.79999923706055,55.95000076293945,55.63999938964844,55.790000915527344,44.83761978149414,7756000.0
2017-11-22 00:00:00+00:00,55.75,55.900001525878906,55.58000183105469,55.790000915527344,44.83761978149414,5578900.0
2017-11-23 00:00:00+00:00,,,,,,
2017-11-24 00:00:00+00:00,55.81999969482422,56.099998474121094,55.790000915527344,55.880001068115234,44.90996170043945,5002200.0
2017-11-27 00:00:00+00:00,55.95000076293945,56.220001220703125,55.810001373291016,56.119998931884766,45.10283279418945,7196800.0
2017-11-28 00:00:00+00:00,56.2599983215332,56.4900016784668,56.13999938964844,56.380001068115234,45.31180191040039,9185500.0
2017-11-29 00:00:00+00:00,56.189998626708984,56.650001525878906,55.9900016784668,56.40999984741211,45.33590316772461,15569400.0
2017-11-30 00:00:00+00:00,56.47999954223633,56.720001220703125,56.369998931884766,56.599998474121094,45.48860549926758,15891500.0
2017-12-01 00:00:00+00:00,56.790000915527344,56.900001525878906,56.099998474121094,56.40999984741211,45.33590316772461,24075900.0
2017-12-04 00:00:00+00:00,56.439998626708984,56.65999984741211,56.0,56.09000015258789,45.078731536865234,13055800.0
2017-12-05 00:00:00+00:00,56.18000030517578,56.18000030517578,55.11000061035156,55.380001068115234,44.508113861083984,19876000.0
2017-12-06 00:00:00+00:00,55.470001220703125,55.70000076293945,55.290000915527344,55.59000015258789,44.6768798828125,9444800.0
2017-12-07 00:00:00+00:00,55.4900016784668,55.70000076293945,55.25,55.689998626708984,44.757259368896484,11475200.0
2017-12-08 00:00:00+00:00,55.619998931884766,55.880001068115234,55.400001525878906,55.869998931884766,44.90192413330078,9975300.0
2017-12-11 00:00:00+00:00,55.81999969482422,56.2400016784668,55.65999984741211,56.209999084472656,45.175167083740234,15435400.0
2017-12-12 00:00:00+00:00,56.0,56.06999969482422,55.220001220703125,55.25,44.40363693237305,21550500.0
2017-12-13 00:00:00+00:00,55.400001525878906,55.709999084472656,55.2400016784668,55.400001525878906,44.524192810058594,17385100.0
2017-12-14 00:00:00+00:00,55.349998474121094,55.58000183105469,54.900001525878906,55.33000183105469,44.46793746948242,13143600.0
2017-12-15 00:00:00+00:00,55.0,55.220001220703125,54.84000015258789,55.02000045776367,44.630977630615234,13637600.0
2017-12-18 00:00:00+00:00,55.06999969482422,55.22999954223633,54.33000183105469,54.40999984741211,44.136146545410156,19403500.0
2017-12-19 00:00:00+00:00,54.40999984741211,54.47999954223633,53.38999938964844,53.41999816894531,43.33308410644531,14887500.0
2017-12-20 00:00:00+00:00,53.380001068115234,53.56999969482422,52.970001220703125,53.0,42.99238586425781,15756000.0
2017-12-21 00:00:00+00:00,52.630001068115234,52.63999938964844,52.15999984741211,52.369998931884766,42.48134994506836,19934900.0
2017-12-22 00:00:00+00:00,52.43000030517578,52.650001525878906,52.400001525878906,52.45000076293945,42.5462646484375,11471700.0
2017-12-25 00:00:00+00:00,,,,,,
2017-12-26 00:00:00+00:00,52.5099983215332,52.66999816894531,52.130001068115234,52.13999938964844,42.294776916503906,8243700.0
2017-12-27 00:00:00+00:00,52.33000183105469,52.459999084472656,52.220001220703125,52.36000061035156,42.47323226928711,10616400.0
2017-12-28 00:00:00+00:00,52.459999084472656,52.66999816894531,52.369998931884766,52.650001525878906,42.7084846496582,4910800.0
2017-12-29 00:00:00+00:00,52.810001373291016,52.90999984741211,52.56999969482422,52.68000030517578,42.73281478881836,7030100.0
2018-01-01 00:00:00+00:00,,,,,,
2018-01-02 00:00:00+00:00,52.66999816894531,52.7400016784668,52.029998779296875,52.189998626708984,42.33534622192383,12270000.0
2018-01-03 00:00:00+00:00,52.0,52.380001068115234,51.599998474121094,51.779998779296875,42.00275802612305,20807900.0
2018-01-04 00:00:00+00:00,51.619998931884766,51.959999084472656,51.25,51.349998474121094,41.65394592285156,14971800.0
2018-01-05 00:00:00+00:00,51.529998779296875,51.61000061035156,51.06999969482422,51.33000183105469,41.637733459472656,23416300.0
2018-01-08 00:00:00+00:00,51.41999816894531,51.849998474121094,51.31999969482422,51.810001373291016,42.027095794677734,14300500.0
2018-01-09 00:00:00+00:00,51.79999923706055,51.81999969482422,51.220001220703125,51.29999923706055,41.613399505615234,15438700.0
2018-01-10 00:00:00+00:00,51.0,51.08000183105469,50.630001068115234,50.7400016784668,41.159141540527344,15562000.0
2018-01-11 00:00:00+00:00,50.689998626708984,50.91999816894531,50.380001068115234,50.54999923706055,41.005008697509766,16545500.0
2018-01-12 00:00:00+00:00,50.400001525878906,50.66999816894531,50.11000061035156,50.2599983215332,40.7697639465332,18635300.0
2018-01-15 00:00:00+00:00,,,,,,
2018-01-16 00:00:00+00:00,50.459999084472656,50.599998474121094,49.86000061035156,50.150001525878906,40.680538177490234,27292800.0
2018-01-17 00:00:00+00:00,50.22999954223633,50.599998474121094,50.15999984741211,50.459999084472656,40.932003021240234,23451600.0
2018-01-18 00:00:00+00:00,50.459999084472656,50.470001220703125,49.880001068115234,50.13999938964844,40.67243194580078,21329700.0
2018-01-19 00:00:00+00:00,50.34000015258789,50.45000076293945,49.93000030517578,49.9900016784668,40.550758361816406,18631900.0
2018-01-22 00:00:00+00:00,50.22999954223633,50.54999923706055,49.97999954223633,50.060001373291016,40.6075325012207,20536500.0
2018-01-23 00:00:00+00:00,50.25,50.900001525878906,50.099998474121094,50.540000915527344,40.99690246582031,26673900.0
2018-01-24 00:00:00+00:00,50.459999084472656,50.5,50.150001525878906,50.22999954223633,40.74543380737305,19531400.0
2018-01-25 00:00:00+00:00,50.25,51.04999923706055,50.220001220703125,51.0099983215332,41.378143310546875,26285000.0
2018-01-26 00:00:00+00:00,51.150001525878906,51.29999923706055,50.529998779296875,51.040000915527344,41.40248489379883,23950000.0
2018-01-29 00:00:00+00:00,50.79999923706055,50.88999938964844,50.33000183105469,50.38999938964844,40.875221252441406,18060900.0
2018-01-30 00:00:00+00:00,50.349998474121094,50.689998626708984,50.33000183105469,50.47999954223633,40.948238372802734,13089100.0
2018-01-31 00:00:00+00:00,50.540000915527344,51.09000015258789,50.2599983215332,51.040000915527344,41.40248489379883,27411400.0
2018-02-01 00:00:00+00:00,50.97999954223633,51.18000030517578,50.09000015258789,50.2400016784668,40.75354766845703,28519600.0
2018-02-02 00:00:00+00:00,49.9900016784668,50.36000061035156,49.81999969482422,49.880001068115234,40.46153259277344,21806400.0
2018-02-05 00:00:00+00:00,49.79999923706055,50.33000183105469,48.970001220703125,49.060001373291016,39.79636764526367,33472300.0
2018-02-06 00:00:00+00:00,48.47999954223633,48.7400016784668,47.369998931884766,48.33000183105469,39.20420837402344,41671600.0
2018-02-07 00:00:00+00:00,48.29999923706055,48.869998931884766,48.08000183105469,48.099998474121094,39.01762390136719,27880200.0
2018-02-08 00:00:00+00:00,47.959999084472656,48.61000061035156,47.5099983215332,47.560001373291016,38.57958984375,26041900.0
2018-02-09 00:00:00+00:00,47.689998626708984,48.93000030517578,47.54999923706055,48.560001373291016,39.39078140258789,36422500.0
2018-02-12 00:00:00+00:00,48.65999984741211,49.20000076293945,48.220001220703125,48.93000030517578,39.69090270996094,26504400.0
2018-02-13 00:00:00+00:00,48.90999984741211,49.34000015258789,48.400001525878906,49.150001525878906,39.86936569213867,25067200.0
2018-02-14 00:00:00+00:00,48.72999954223633,49.060001373291016,48.459999084472656,48.599998474121094,39.423221588134766,20341100.0
2018-02-15 00:00:00+00:00,48.720001220703125,49.70000076293945,48.650001525878906,49.68000030517578,40.299285888671875,16504100.0
2018-02-16 00:00:00+00:00,49.709999084472656,50.2400016784668,49.52000045776367,50.119998931884766,40.65620803833008,20066500.0
2018-02-19 00:00:00+00:00,,,,,,
2018-02-20 00:00:00+00:00,49.95000076293945,50.130001068115234,49.22999954223633,49.470001220703125,40.128936767578125,16773300.0
2018-02-21 00:00:00+00:00,49.5,49.83000183105469,48.810001373291016,48.81999969482422,39.60167694091797,22461400.0
2018-02-22 00:00:00+00:00,48.97999954223633,49.439998626708984,48.79999923706055,49.06999969482422,39.80447769165039,20128900.0
2018-02-23 00:00:00+00:00,49.209999084472656,50.40999984741211,49.150001525878906,50.349998474121094,40.842777252197266,20642400.0
2018-02-26 00:00:00+00:00,50.54999923706055,50.63999938964844,50.099998474121094,50.20000076293945,40.721099853515625,13604900.0
2018-02-27 00:00:00+00:00,50.2400016784668,50.540000915527344,49.380001068115234,49.400001525878906,40.07215118408203,18201200.0
2018-02-28 00:00:00+00:00,49.58000183105469,49.709999084472656,49.060001373291016,49.060001373291016,39.79636764526367,11946100.0
2018-03-01 00:00:00+00:00,49.15999984741211,49.86000061035156,48.84000015258789,49.06999969482422,39.80447769165039,21591300.0
2018-03-02 00:00:00+00:00,49.040000915527344,49.529998779296875,48.529998779296875,48.939998626708984,39.69901657104492,16857100.0
2018-03-05 00:00:00+00:00,48.81999969482422,50.04999923706055,48.720001220703125,49.939998626708984,40.510189056396484,15500400.0
2018-03-06 00:00:00+00:00,49.880001068115234,49.9900016784668,49.15999984741211,49.27000045776367,39.966705322265625,20708000.0
2018-03-07 00:00:00+00:00,49.119998931884766,49.33000183105469,48.709999084472656,48.900001525878906,39.666568756103516,16678800.0
2018-03-08 00:00:00+00:00,49.0099983215332,49.369998931884766,48.93000030517578,49.2599983215332,39.958587646484375,12258800.0
2018-03-09 00:00:00+00:00,49.15999984741211,49.40999984741211,49.02000045776367,49.400001525878906,40.07215118408203,13098500.0
2018-03-12 00:00:00+00:00,49.41999816894531,49.66999816894531,49.36000061035156,49.61000061035156,40.24251174926758,16231800.0
2018-03-13 00:00:00+00:00,49.790000915527344,50.02000045776367,49.34000015258789,49.720001220703125,40.331722259521484,18872500.0
2018-03-14 00:00:00+00:00,49.869998931884766,50.400001525878906,49.84000015258789,50.22999954223633,40.74543380737305,19132300.0
2018-03-15 00:00:00+00:00,50.20000076293945,50.65999984741211,49.900001525878906,50.20000076293945,40.721099853515625,21067800.0
2018-03-16 00:00:00+00:00,49.810001373291016,50.380001068115234,49.779998779296875,50.25,41.078338623046875,19756300.0
2018-03-19 00:00:00+00:00,50.220001220703125,50.38999938964844,49.650001525878906,49.939998626708984,40.82491683959961,21689600.0
2018-03-20 00:00:00+00:00,49.95000076293945,50.15999984741211,49.59000015258789,49.709999084472656,40.636905670166016,14968200.0
2018-03-21 00:00:00+00:00,49.75,50.220001220703125,49.369998931884766,49.540000915527344,40.49793243408203,19235900.0
2018-03-22 00:00:00+00:00,49.59000015258789,50.560001373291016,49.45000076293945,49.7599983215332,40.67776870727539,25332400.0
2018-03-23 00:00:00+00:00,49.7599983215332,50.209999084472656,48.959999084472656,49.060001373291016,40.10554122924805,17334300.0
2018-03-26 00:00:00+00:00,49.220001220703125,49.63999938964844,49.119998931884766,49.56999969482422,40.52244567871094,13759600.0
2018-03-27 00:00:00+00:00,49.63999938964844,50.79999923706055,49.47999954223633,50.279998779296875,41.10286331176758,21456000.0
2018-03-28 00:00:00+00:00,50.34000015258789,50.540000915527344,49.93000030517578,50.2599983215332,41.08650588989258,23173100.0
2018-03-29 00:00:00+00:00,50.40999984741211,50.77000045776367,50.31999969482422,50.529998779296875,41.307228088378906,15464500.0
2018-03-30 00:00:00+00:00,,,,,,
2018-04-02 00:00:00+00:00,50.619998931884766,50.86000061035156,49.779998779296875,50.13999938964844,40.9884147644043,17792600.0
2018-04-03 00:00:00+00:00,50.04999923706055,50.54999923706055,49.91999816894531,50.310001373291016,41.127384185791016,13798800.0
2018-04-04 00:00:00+00:00,50.29999923706055,50.54999923706055,49.88999938964844,50.41999816894531,41.21731185913086,16357300.0
2018-04-05 00:00:00+00:00,50.40999984741211,50.970001220703125,49.849998474121094,50.81999969482422,41.544307708740234,14286300.0
2018-04-06 00:00:00+00:00,50.88999938964844,51.0,50.310001373291016,50.41999816894531,41.21731185913086,14312000.0
2018-04-09 00:00:00+00:00,50.459999084472656,50.869998931884766,50.290000915527344,50.52000045776367,41.29905700683594,11756100.0
2018-04-10 00:00:00+00:00,50.529998779296875,50.59000015258789,50.02000045776367,50.130001068115234,40.9802360534668,14091200.0
2018-04-11 00:00:00+00:00,50.11000061035156,50.290000915527344,49.88999938964844,50.060001373291016,40.92301559448242,8024100.0
2018-04-12 00:00:00+00:00,50.06999969482422,50.20000076293945,49.29999923706055,49.400001525878906,40.38347244262695,12078800.0
2018-04-13 00:00:00+00:00,49.4900016784668,50.0099983215332,49.4900016784668,49.790000915527344,40.70229721069336,10437300.0
2018-04-16 00:00:00+00:00,49.900001525878906,50.5,49.869998931884766,50.470001220703125,41.258182525634766,15397600.0
2018-04-17 00:00:00+00:00,50.59000015258789,51.15999984741211,50.380001068115234,50.97999954223633,41.675106048583984,13194500.0
2018-04-18 00:00:00+00:00,51.040000915527344,51.4900016784668,50.779998779296875,50.790000915527344,41.519771575927734,14120000.0
2018-04-19 00:00:00+00:00,50.61000061035156,50.880001068115234,50.349998474121094,50.7599983215332,41.4952507019043,15167700.0
2018-04-20 00:00:00+00:00,50.70000076293945,50.81999969482422,50.13999938964844,50.29999923706055,41.11921310424805,14080000.0
2018-04-23 00:00:00+00:00,50.369998931884766,50.619998931884766,50.13999938964844,50.33000183105469,41.14373016357422,11937000.0
2018-04-24 00:00:00+00:00,50.369998931884766,50.97999954223633,50.290000915527344,50.66999816894531,41.42168045043945,16904400.0
2018-04-25 00:00:00+00:00,50.4900016784668,50.86000061035156,50.29999923706055,50.68000030517578,41.429847717285156,13407500.0
2018-04-26 00:00:00+00:00,50.72999954223633,51.2599983215332,50.5,51.189998626708984,41.84676742553711,11767100.0
2018-04-27 00:00:00+00:00,51.130001068115234,51.900001525878906,51.029998779296875,51.709999084472656,42.27185821533203,17157300.0
2018-04-30 00:00:00+00:00,51.790000915527344,51.959999084472656,51.5099983215332,51.560001373291016,42.14923095703125,12746000.0
2018-05-01 00:00:00+00:00,51.560001373291016,51.650001525878906,51.310001373291016,51.400001525878906,42.018436431884766,10971300.0
2018-05-02 00:00:00+00:00,51.40999984741211,51.59000015258789,51.150001525878906,51.349998474121094,41.977561950683594,12980300.0
2018-05-03 00:00:00+00:00,51.25,51.52000045776367,50.70000076293945,51.279998779296875,41.92034149169922,16480100.0
2018-05-04 00:00:00+00:00,51.369998931884766,51.7400016784668,51.369998931884766,51.5099983215332,42.108367919921875,11743400.0
2018-05-07 00:00:00+00:00,51.47999954223633,51.59000015258789,51.16999816894531,51.2400016784668,41.887638092041016,8522000.0
2018-05-08 00:00:00+00:00,51.029998779296875,51.119998931884766,49.869998931884766,49.959999084472656,40.841270446777344,23147900.0
2018-05-09 00:00:00+00:00,49.970001220703125,50.060001373291016,49.41999816894531,49.61000061035156,40.555152893066406,22150500.0
2018-05-10 00:00:00+00:00,50.029998779296875,50.31999969482422,49.7599983215332,50.310001373291016,41.127384185791016,13961400.0
2018-05-11 00:00:00+00:00,50.36000061035156,50.52000045776367,50.18000030517578,50.380001068115234,41.18461227416992,6478900.0
2018-05-14 00:00:00+00:00,50.459999084472656,50.54999923706055,49.970001220703125,50.189998626708984,41.02928924560547,8512800.0
2018-05-15 00:00:00+00:00,49.88999938964844,50.119998931884766,49.529998779296875,49.77000045776367,40.685951232910156,11070700.0
2018-05-16 00:00:00+00:00,49.790000915527344,49.86000061035156,49.189998626708984,49.380001068115234,40.367130279541016,13541300.0
2018-05-17 00:00:00+00:00,49.38999938964844,49.529998779296875,48.880001068115234,48.97999954223633,40.04014205932617,11276000.0
2018-05-18 00:00:00+00:00,49.119998931884766,49.279998779296875,48.61000061035156,48.9900016784668,40.04832077026367,11810400.0
2018-05-21 00:00:00+00:00,49.04999923706055,49.380001068115234,48.83000183105469,49.2400016784668,40.25267791748047,10742000.0
2018-05-22 00:00:00+00:00,49.220001220703125,49.709999084472656,49.220001220703125,49.41999816894531,40.39982986450195,11025700.0
2018-05-23 00:00:00+00:00,49.59000015258789,49.97999954223633,49.470001220703125,49.869998931884766,40.7677001953125,13582900.0
2018-05-24 00:00:00+00:00,49.939998626708984,50.31999969482422,49.77000045776367,50.279998779296875,41.10286331176758,12897600.0
2018-05-25 00:00:00+00:00,50.349998474121094,50.630001068115234,50.25,50.5,41.28270721435547,13871600.0
2018-05-28 00:00:00+00:00,,,,,,
2018-05-29 00:00:00+00:00,50.40999984741211,50.84000015258789,50.13999938964844,50.5,41.28270721435547,17280700.0
2018-05-30 00:00:00+00:00,50.36000061035156,51.0,50.22999954223633,50.90999984741211,41.61788558959961,13885900.0
2018-05-31 00:00:00+00:00,50.849998474121094,51.290000915527344,50.540000915527344,50.9900016784668,41.68328094482422,15108200.0
2018-06-01 00:00:00+00:00,50.86000061035156,50.880001068115234,49.970001220703125,50.209999084472656,41.04563522338867,17180000.0
2018-06-04 00:00:00+00:00,50.310001373291016,50.52000045776367,49.77000045776367,49.810001373291016,40.71864700317383,14364500.0
2018-06-05 00:00:00+00:00,49.900001525878906,49.970001220703125,49.36000061035156,49.54999923706055,40.506107330322266,14914600.0
2018-06-06 00:00:00+00:00,49.540000915527344,49.599998474121094,48.369998931884766,48.369998931884766,39.54147720336914,26127900.0
2018-06-07 00:00:00+00:00,48.45000076293945,49.189998626708984,48.349998474121094,48.709999084472656,39.81941223144531,21525800.0
2018-06-08 00:00:00+00:00,48.88999938964844,48.90999984741211,48.540000915527344,48.689998626708984,39.80306625366211,11241200.0
2018-06-11 00:00:00+00:00,48.79999923706055,48.97999954223633,48.45000076293945,48.59000015258789,39.7213249206543,17335200.0
2018-06-12 00:00:00+00:00,48.54999923706055,49.209999084472656,48.52000045776367,49.150001525878906,40.179115295410156,16661300.0
2018-06-13 00:00:00+00:00,49.209999084472656,49.5,48.869998931884766,49.02000045776367,40.07284164428711,16725700.0
2018-06-14 00:00:00+00:00,49.099998474121094,49.7400016784668,49.040000915527344,49.630001068115234,40.57150650024414,16138600.0
2018-06-15 00:00:00+00:00,49.130001068115234,49.560001373291016,48.7400016784668,49.540000915527344,40.86017608642578,21711200.0
2018-06-18 00:00:00+00:00,49.5099983215332,49.86000061035156,49.40999984741211,49.70000076293945,40.992149353027344,17226700.0
2018-06-19 00:00:00+00:00,49.790000915527344,50.369998931884766,49.70000076293945,50.189998626708984,41.39628601074219,16647400.0
2018-06-20 00:00:00+00:00,50.27000045776367,50.36000061035156,50.0099983215332,50.22999954223633,41.42927932739258,12317700.0
2018-06-21 00:00:00+00:00,50.279998779296875,50.65999984741211,50.119998931884766,50.400001525878906,41.56949996948242,12703700.0
2018-06-22 00:00:00+00:00,50.43000030517578,50.880001068115234,50.33000183105469,50.75,41.858177185058594,12976700.0
2018-06-25 00:00:00+00:00,50.7599983215332,51.70000076293945,50.7599983215332,51.59000015258789,42.550994873046875,21466200.0
2018-06-26 00:00:00+00:00,51.45000076293945,51.95000076293945,51.34000015258789,51.650001525878906,42.600494384765625,19908700.0
2018-06-27 00:00:00+00:00,51.59000015258789,52.0,51.45000076293945,51.900001525878906,42.80667495727539,21764700.0
2018-06-28 00:00:00+00:00,51.95000076293945,52.369998931884766,51.79999923706055,51.880001068115234,42.79018783569336,15037800.0
2018-06-29 00:00:00+00:00,51.790000915527344,52.16999816894531,51.5,51.959999084472656,42.85617446899414,14370700.0
2018-07-02 00:00:00+00:00,51.9900016784668,52.36000061035156,51.75,52.33000183105469,43.16135025024414,15702800.0
2018-07-03 00:00:00+00:00,52.349998474121094,52.790000915527344,52.11000061035156,52.47999954223633,43.285072326660156,10605600.0
2018-07-04 00:00:00+00:00,,,,,,
2018-07-05 00:00:00+00:00,52.5099983215332,52.79999923706055,52.290000915527344,52.7599983215332,43.51600646972656,11031000.0
2018-07-06 00:00:00+00:00,52.869998931884766,53.290000915527344,52.779998779296875,53.16999816894531,43.85416793823242,12396700.0
2018-07-09 00:00:00+00:00,53.15999984741211,53.16999816894531,51.349998474121094,51.529998779296875,42.50151443481445,27936800.0
2018-07-10 00:00:00+00:00,51.040000915527344,52.29999923706055,50.88999938964844,52.02000045776367,42.90566635131836,27109100.0
2018-07-11 00:00:00+00:00,52.0,52.58000183105469,51.959999084472656,52.4900016784668,43.29331970214844,21772300.0
2018-07-12 00:00:00+00:00,52.4900016784668,52.63999938964844,52.25,52.529998779296875,43.3263053894043,17136700.0
2018-07-13 00:00:00+00:00,52.599998474121094,52.720001220703125,52.189998626708984,52.540000915527344,43.33455276489258,10959300.0
2018-07-16 00:00:00+00:00,52.5,52.630001068115234,52.22999954223633,52.4900016784668,43.29331970214844,10493200.0
2018-07-17 00:00:00+00:00,52.56999969482422,52.65999984741211,52.400001525878906,52.45000076293945,43.26032638549805,11053500.0
2018-07-18 00:00:00+00:00,52.38999938964844,52.47999954223633,51.959999084472656,52.18000030517578,43.037628173828125,10361300.0
2018-07-19 00:00:00+00:00,52.22999954223633,52.970001220703125,52.22999954223633,52.65999984741211,43.43352127075195,11119400.0
2018-07-20 00:00:00+00:00,52.5,52.63999938964844,51.939998626708984,52.290000915527344,43.12834930419922,13828500.0
2018-07-23 00:00:00+00:00,52.29999923706055,52.400001525878906,51.7400016784668,51.91999816894531,42.82318115234375,14763700.0
2018-07-24 00:00:00+00:00,51.779998779296875,52.2599983215332,51.18000030517578,52.099998474121094,42.97164535522461,15698800.0
2018-07-25 00:00:00+00:00,52.09000015258789,52.5099983215332,51.93000030517578,52.25,43.095359802246094,13468700.0
2018-07-26 00:00:00+00:00,52.5,52.959999084472656,52.40999984741211,52.810001373291016,43.55724334716797,19071000.0
2018-07-27 00:00:00+00:00,52.84000015258789,53.06999969482422,52.43000030517578,52.63999938964844,43.417030334472656,15747900.0
2018-07-30 00:00:00+00:00,52.56999969482422,52.56999969482422,52.150001525878906,52.31999969482422,43.15309524536133,9476400.0
2018-07-31 00:00:00+00:00,52.54999923706055,52.93000030517578,52.36000061035156,52.790000915527344,43.54075241088867,15219800.0
2018-08-01 00:00:00+00:00,52.4900016784668,52.599998474121094,52.0,52.45000076293945,43.26032638549805,19985400.0
2018-08-02 00:00:00+00:00,52.43000030517578,52.869998931884766,52.119998931884766,52.709999084472656,43.474769592285156,17291900.0
2018-08-03 00:00:00+00:00,52.72999954223633,53.439998626708984,52.54999923706055,53.29999923706055,43.961395263671875,15416600.0
2018-08-06 00:00:00+00:00,53.349998474121094,53.650001525878906,53.2400016784668,53.34000015258789,43.994388580322266,12199100.0
2018-08-07 00:00:00+00:00,53.2400016784668,53.349998474121094,52.84000015258789,53.2599983215332,43.92839813232422,13108200.0
2018-08-08 00:00:00+00:00,53.08000183105469,53.15999984741211,52.790000915527344,52.97999954223633,43.69745635986328,17006000.0
2018-08-09 00:00:00+00:00,52.970001220703125,53.25,52.790000915527344,53.220001220703125,43.895408630371094,8681100.0
2018-08-10 00:00:00+00:00,53.290000915527344,53.65999984741211,52.970001220703125,52.9900016784668,43.70570373535156,13300500.0
2018-08-13 00:00:00+00:00,53.08000183105469,53.15999984741211,52.810001373291016,53.060001373291016,43.7634391784668,17273400.0
2018-08-14 00:00:00+00:00,53.08000183105469,53.380001068115234,53.02000045776367,53.16999816894531,43.85416793823242,9943800.0
2018-08-15 00:00:00+00:00,53.34000015258789,53.97999954223633,53.22999954223633,53.65999984741211,44.25831604003906,19272700.0
2018-08-16 00:00:00+00:00,53.540000915527344,54.279998779296875,53.43000030517578,54.2400016784668,44.73670196533203,13272900.0
2018-08-17 00:00:00+00:00,54.209999084472656,54.7599983215332,54.11000061035156,54.52000045776367,44.9676399230957,14115100.0
2018-08-20 00:00:00+00:00,54.630001068115234,54.65999984741211,54.20000076293945,54.33000183105469,44.81093215942383,9574600.0
2018-08-21 00:00:00+00:00,54.25,54.279998779296875,53.779998779296875,53.939998626708984,44.48926544189453,11850800.0
2018-08-22 00:00:00+00:00,53.9900016784668,54.0,53.34000015258789,53.540000915527344,44.15934371948242,12652600.0
2018-08-23 00:00:00+00:00,53.52000045776367,53.880001068115234,53.400001525878906,53.5,44.1263542175293,11168100.0
2018-08-24 00:00:00+00:00,53.439998626708984,53.779998779296875,53.22999954223633,53.72999954223633,44.3160514831543,7846300.0
2018-08-27 00:00:00+00:00,53.77000045776367,53.91999816894531,53.130001068115234,53.400001525878906,44.04387283325195,12384100.0
2018-08-28 00:00:00+00:00,53.27000045776367,53.470001220703125,53.130001068115234,53.290000915527344,43.95314407348633,10066100.0
2018-08-29 00:00:00+00:00,53.41999816894531,53.68000030517578,53.34000015258789,53.68000030517578,44.274818420410156,11911200.0
2018-08-30 00:00:00+00:00,53.77000045776367,53.9900016784668,53.5099983215332,53.70000076293945,44.29130935668945,13475700.0
2018-08-31 00:00:00+00:00,53.779998779296875,54.0,53.27000045776367,53.470001220703125,44.10161209106445,12132500.0
2018-09-03 00:00:00+00:00,,,,,,
2018-09-04 00:00:00+00:00,53.529998779296875,54.0,53.47999954223633,53.709999084472656,44.299560546875,12965100.0
2018-09-05 00:00:00+00:00,53.650001525878906,54.4900016784668,53.650001525878906,54.459999084472656,44.918155670166016,14834800.0
2018-09-06 00:00:00+00:00,54.4900016784668,54.939998626708984,54.33000183105469,54.77000045776367,45.1738395690918,12352800.0
2018-09-07 00:00:00+00:00,54.2400016784668,54.5,53.97999954223633,54.099998474121094,44.6212272644043,16183500.0
2018-09-10 00:00:00+00:00,54.209999084472656,54.59000015258789,54.16999816894531,54.369998931884766,44.84392166137695,9932400.0
2018-09-11 00:00:00+00:00,54.349998474121094,54.56999969482422,54.119998931884766,54.22999954223633,44.72844696044922,9046700.0
2018-09-12 00:00:00+00:00,54.220001220703125,54.52000045776367,54.060001373291016,54.18000030517578,44.68721389770508,9809900.0
2018-09-13 00:00:00+00:00,54.15999984741211,54.61000061035156,53.90999984741211,54.59000015258789,45.0253791809082,8774200.0
2018-09-14 00:00:00+00:00,54.369998931884766,54.41999816894531,53.84000015258789,54.29999923706055,44.78617477416992,13067500.0
2018-09-17 00:00:00+00:00,54.20000076293945,54.560001373291016,54.13999938964844,54.47999954223633,44.934654235839844,14259100.0
2018-09-18 00:00:00+00:00,54.400001525878906,54.560001373291016,54.119998931884766,54.380001068115234,44.8521728515625,9767500.0
2018-09-19 00:00:00+00:00,54.36000061035156,54.36000061035156,52.95000076293945,53.20000076293945,43.87891387939453,25510000.0
2018-09-20 00:00:00+00:00,53.130001068115234,53.36000061035156,52.689998626708984,53.310001373291016,43.96964645385742,17814500.0
2018-09-21 00:00:00+00:00,52.75,53.25,52.5099983215332,53.060001373291016,44.156890869140625,20342600.0
2018-09-24 00:00:00+00:00,52.880001068115234,53.06999969482422,52.540000915527344,52.59000015258789,43.7657585144043,13526800.0
2018-09-25 00:00:00+00:00,52.439998626708984,52.470001220703125,51.779998779296875,51.869998931884766,43.166561126708984,20024000.0
2018-09-26 00:00:00+00:00,52.119998931884766,52.13999938964844,51.34000015258789,51.36000061035156,42.74213790893555,24082200.0
2018-09-27 00:00:00+00:00,51.4900016784668,52.16999816894531,51.369998931884766,51.88999938964844,43.18320846557617,16456800.0
2018-09-28 00:00:00+00:00,52.0,52.689998626708984,51.93000030517578,52.650001525878906,43.815677642822266,15427400.0
2018-10-01 00:00:00+00:00,52.4900016784668,52.59000015258789,52.27000045776367,52.470001220703125,43.665889739990234,12578700.0
2018-10-02 00:00:00+00:00,52.56999969482422,53.31999969482422,52.56999969482422,53.18000030517578,44.25674819946289,15833200.0
2018-10-03 00:00:00+00:00,53.09000015258789,53.369998931884766,52.09000015258789,52.540000915527344,43.72414779663086,24676300.0
2018-10-04 00:00:00+00:00,52.40999984741211,52.93000030517578,52.02000045776367,52.81999969482422,43.957157135009766,24075900.0
2018-10-05 00:00:00+00:00,52.7400016784668,53.79999923706055,52.70000076293945,53.630001068115234,44.631248474121094,30390000.0
2018-10-08 00:00:00+00:00,53.84000015258789,54.439998626708984,53.599998474121094,54.08000183105469,45.005741119384766,21489300.0
2018-10-09 00:00:00+00:00,54.029998779296875,54.540000915527344,53.95000076293945,54.29999923706055,45.18881607055664,18113800.0
2018-10-10 00:00:00+00:00,54.209999084472656,54.88999938964844,53.97999954223633,54.0,44.93916320800781,30584000.0
2018-10-11 00:00:00+00:00,54.150001525878906,54.279998779296875,52.7400016784668,53.0099983215332,44.11528778076172,42894800.0
2018-10-12 00:00:00+00:00,52.939998626708984,53.11000061035156,52.5099983215332,52.95000076293945,44.06534957885742,21869100.0
2018-10-15 00:00:00+00:00,52.939998626708984,53.540000915527344,52.880001068115234,53.20000076293945,44.27339553833008,18353000.0
2018-10-16 00:00:00+00:00,53.13999938964844,54.04999923706055,52.97999954223633,53.75,44.73110580444336,17937500.0
2018-10-17 00:00:00+00:00,53.68000030517578,53.90999984741211,53.36000061035156,53.650001525878906,44.64788818359375,14258500.0
2018-10-18 00:00:00+00:00,53.790000915527344,54.060001373291016,53.45000076293945,53.72999954223633,44.71446228027344,16519000.0
2018-10-19 00:00:00+00:00,53.7400016784668,54.86000061035156,53.56999969482422,54.56999969482422,45.41352462768555,29789600.0
2018-10-22 00:00:00+00:00,54.630001068115234,54.689998626708984,54.09000015258789,54.220001220703125,45.122249603271484,12250000.0
2018-10-23 00:00:00+00:00,54.31999969482422,54.66999816894531,53.70000076293945,53.91999816894531,44.872581481933594,18924600.0
2018-10-24 00:00:00+00:00,54.15999984741211,55.4900016784668,53.93000030517578,55.22999954223633,45.962772369384766,29163400.0
2018-10-25 00:00:00+00:00,54.869998931884766,54.869998931884766,54.099998474121094,54.369998931884766,45.247074127197266,29911200.0
2018-10-26 00:00:00+00:00,54.65999984741211,54.81999969482422,53.0,53.369998931884766,44.41487121582031,36893000.0
2018-10-29 00:00:00+00:00,53.4900016784668,54.36000061035156,53.4900016784668,54.119998931884766,45.039024353027344,24973200.0
2018-10-30 00:00:00+00:00,54.33000183105469,54.65999984741211,53.689998626708984,54.33000183105469,45.21379852294922,25065500.0
2018-10-31 00:00:00+00:00,53.880001068115234,54.209999084472656,53.369998931884766,53.689998626708984,44.681175231933594,25143000.0
2018-11-01 00:00:00+00:00,53.77000045776367,53.79999923706055,53.099998474121094,53.45000076293945,44.48145294189453,27027400.0
2018-11-02 00:00:00+00:00,53.599998474121094,53.7400016784668,52.79999923706055,53.150001525878906,44.231788635253906,24136600.0
2018-11-05 00:00:00+00:00,53.38999938964844,54.09000015258789,53.2599983215332,53.900001525878906,44.8559455871582,21253300.0
2018-11-06 00:00:00+00:00,53.849998474121094,54.380001068115234,53.779998779296875,54.2599983215332,45.15554428100586,13068100.0
2018-11-07 00:00:00+00:00,54.65999984741211,54.959999084472656,54.22999954223633,54.880001068115234,45.67150115966797,20725400.0
2018-11-08 00:00:00+00:00,54.93000030517578,55.11000061035156,54.33000183105469,54.790000915527344,45.59660720825195,20584100.0
2018-11-09 00:00:00+00:00,54.599998474121094,55.11000061035156,54.4900016784668,54.869998931884766,45.663177490234375,20015100.0
2018-11-12 00:00:00+00:00,54.470001220703125,55.40999984741211,54.06999969482422,54.84000015258789,45.63821792602539,27663900.0
2018-11-13 00:00:00+00:00,54.83000183105469,55.189998626708984,54.40999984741211,55.06999969482422,45.829612731933594,23758000.0
2018-11-14 00:00:00+00:00,54.599998474121094,54.959999084472656,54.310001373291016,54.5,45.355262756347656,27577800.0
2018-11-15 00:00:00+00:00,54.220001220703125,54.27000045776367,53.56999969482422,54.04999923706055,44.98077392578125,34281200.0
2018-11-16 00:00:00+00:00,54.880001068115234,55.13999938964844,54.470001220703125,54.880001068115234,45.67150115966797,21406400.0
2018-11-19 00:00:00+00:00,54.79999923706055,55.16999816894531,54.56999969482422,55.119998931884766,45.87123107910156,14572000.0
2018-11-20 00:00:00+00:00,55.279998779296875,55.66999816894531,54.560001373291016,54.88999938964844,45.67983627319336,24428400.0
2018-11-21 00:00:00+00:00,54.70000076293945,54.77000045776367,53.93000030517578,54.08000183105469,45.005741119384766,18909700.0
2018-11-22 00:00:00+00:00,,,,,,
2018-11-23 00:00:00+00:00,54.150001525878906,54.2400016784668,53.75,54.11000061035156,45.030704498291016,8117900.0
2018-11-26 00:00:00+00:00,54.16999816894531,54.459999084472656,53.880001068115234,54.43000030517578,45.29701232910156,16101000.0
2018-11-27 00:00:00+00:00,54.38999938964844,54.900001525878906,54.16999816894531,54.84000015258789,45.63821792602539,13183400.0
2018-11-28 00:00:00+00:00,54.900001525878906,55.060001373291016,54.61000061035156,54.79999923706055,45.60493469238281,12062200.0
2018-11-29 00:00:00+00:00,54.880001068115234,54.880001068115234,54.220001220703125,54.779998779296875,45.588279724121094,17489600.0
2018-11-30 00:00:00+00:00,54.90999984741211,55.63999938964844,54.77000045776367,55.59000015258789,46.26237869262695,18166800.0
2018-12-03 00:00:00+00:00,55.40999984741211,56.150001525878906,55.09000015258789,56.150001525878906,46.728416442871094,17906500.0
2018-12-04 00:00:00+00:00,56.290000915527344,56.810001373291016,56.04999923706055,56.189998626708984,46.76169204711914,22268000.0
2018-12-05 00:00:00+00:00,,,,,,
2018-12-06 00:00:00+00:00,56.41999816894531,56.439998626708984,55.099998474121094,56.25,46.81163024902344,24697900.0
2018-12-07 00:00:00+00:00,56.16999816894531,56.790000915527344,55.790000915527344,56.459999084472656,46.98638916015625,19729400.0
2018-12-10 00:00:00+00:00,56.459999084472656,56.75,55.47999954223633,56.56999969482422,47.077938079833984,21148100.0
2018-12-11 00:00:00+00:00,56.63999938964844,56.9900016784668,56.34000015258789,56.79999923706055,47.269344329833984,26093400.0
2018-12-12 00:00:00+00:00,56.7400016784668,57.11000061035156,56.40999984741211,56.439998626708984,46.96974182128906,18297400.0
2018-12-13 00:00:00+00:00,56.47999954223633,57.18000030517578,56.470001220703125,56.93000030517578,47.377525329589844,18072000.0
2018-12-14 00:00:00+00:00,56.97999954223633,57.11000061035156,56.4900016784668,56.81999969482422,47.285980224609375,25155600.0
2018-12-17 00:00:00+00:00,56.93000030517578,56.970001220703125,54.77000045776367,54.9900016784668,45.76305389404297,30210800.0
2018-12-18 00:00:00+00:00,55.29999923706055,55.689998626708984,54.459999084472656,54.619998931884766,45.45512390136719,23635400.0
2018-12-19 00:00:00+00:00,54.72999954223633,55.16999816894531,54.209999084472656,54.529998779296875,45.38022994995117,27928400.0
2018-12-20 00:00:00+00:00,54.58000183105469,55.279998779296875,53.880001068115234,54.5,45.355262756347656,39023800.0
2018-12-21 00:00:00+00:00,54.45000076293945,55.41999816894531,53.650001525878906,53.810001373291016,45.16139602661133,35645800.0
2018-12-24 00:00:00+00:00,53.709999084472656,54.11000061035156,51.349998474121094,51.560001373291016,43.27302169799805,22665300.0
2018-12-25 00:00:00+00:00,,,,,,
2018-12-26 00:00:00+00:00,51.56999969482422,52.33000183105469,50.810001373291016,52.2599983215332,43.86050796508789,30839100.0
2018-12-27 00:00:00+00:00,52.279998779296875,52.77000045776367,51.400001525878906,52.70000076293945,44.22980499267578,29730600.0
2018-12-28 00:00:00+00:00,52.81999969482422,53.36000061035156,52.630001068115234,52.83000183105469,44.33890151977539,21087600.0
2018-12-31 00:00:00+00:00,52.849998474121094,53.06999969482422,52.369998931884766,52.91999816894531,44.41443634033203,16302200.0
2019-01-01 00:00:00+00:00,,,,,,
2019-01-02 00:00:00+00:00,52.709999084472656,52.7599983215332,51.70000076293945,52.0099983215332,43.650699615478516,25173900.0
2019-01-03 00:00:00+00:00,52.0099983215332,52.439998626708984,51.7599983215332,52.0,43.64229965209961,21587500.0
2019-01-04 00:00:00+00:00,51.7599983215332,52.79999923706055,51.689998626708984,52.77000045776367,44.288543701171875,19003500.0
2019-01-07 00:00:00+00:00,52.439998626708984,52.66999816894531,52.119998931884766,52.40999984741211,43.98640823364258,16267700.0
2019-01-08 00:00:00+00:00,52.459999084472656,53.119998931884766,52.16999816894531,53.060001373291016,44.53193664550781,16643500.0
2019-01-09 00:00:00+00:00,53.029998779296875,53.25,52.59000015258789,52.7400016784668,44.26336669921875,18074700.0
2019-01-10 00:00:00+00:00,52.79999923706055,53.529998779296875,52.72999954223633,53.43000030517578,44.842464447021484,25458100.0
2019-01-11 00:00:00+00:00,53.36000061035156,53.470001220703125,52.900001525878906,53.22999954223633,44.67461395263672,24842500.0
2019-01-14 00:00:00+00:00,52.599998474121094,53.2400016784668,51.540000915527344,52.029998779296875,43.66748809814453,23489800.0
2019-01-15 00:00:00+00:00,51.810001373291016,52.959999084472656,51.7599983215332,52.66999816894531,44.20462417602539,27093100.0
2019-01-16 00:00:00+00:00,52.56999969482422,52.880001068115234,52.27000045776367,52.86000061035156,44.36408615112305,18348200.0
2019-01-17 00:00:00+00:00,52.81999969482422,53.20000076293945,52.7400016784668,53.08000183105469,44.548728942871094,20785900.0
2019-01-18 00:00:00+00:00,53.150001525878906,53.31999969482422,52.900001525878906,53.13999938964844,44.59907913208008,14154700.0
2019-01-21 00:00:00+00:00,,,,,,
2019-01-22 00:00:00+00:00,53.130001068115234,53.529998779296875,52.720001220703125,53.2400016784668,44.68301010131836,16914400.0
2019-01-23 00:00:00+00:00,53.25,53.810001373291016,53.15999984741211,53.779998779296875,45.13621139526367,14211100.0
2019-01-24 00:00:00+00:00,53.7400016784668,54.11000061035156,53.34000015258789,54.060001373291016,45.37120819091797,21924100.0
2019-01-25 00:00:00+00:00,53.88999938964844,54.13999938964844,53.2400016784668,53.31999969482422,44.75014114379883,18154100.0
2019-01-28 00:00:00+00:00,53.33000183105469,53.529998779296875,52.83000183105469,53.06999969482422,44.54032516479492,14183800.0
2019-01-29 00:00:00+00:00,53.31999969482422,53.470001220703125,53.040000915527344,53.220001220703125,44.66622543334961,12618500.0
2019-01-30 00:00:00+00:00,53.08000183105469,53.86000061035156,53.0,53.630001068115234,45.01032257080078,18578900.0
2019-01-31 00:00:00+00:00,53.61000061035156,54.91999816894531,53.369998931884766,54.7599983215332,45.958702087402344,23081600.0
2019-02-01 00:00:00+00:00,54.529998779296875,54.7599983215332,54.08000183105469,54.54999923706055,45.78245162963867,15562400.0
2019-02-04 00:00:00+00:00,54.310001373291016,54.66999816894531,53.93000030517578,54.63999938964844,45.857994079589844,18065700.0
2019-02-05 00:00:00+00:00,54.63999938964844,54.849998474121094,54.33000183105469,54.75,45.95030975341797,12296100.0
2019-02-06 00:00:00+00:00,54.66999816894531,54.939998626708984,54.45000076293945,54.720001220703125,45.925140380859375,9204200.0
2019-02-07 00:00:00+00:00,54.63999938964844,55.439998626708984,54.470001220703125,55.439998626708984,46.52941131591797,16075400.0
2019-02-08 00:00:00+00:00,55.310001373291016,55.709999084472656,55.189998626708984,55.68000030517578,46.7308349609375,14633700.0
2019-02-11 00:00:00+00:00,55.68000030517578,55.95000076293945,55.470001220703125,55.65999984741211,46.71405029296875,14729100.0
2019-02-12 00:00:00+00:00,55.66999816894531,56.06999969482422,55.349998474121094,55.790000915527344,46.823150634765625,14753300.0
2019-02-13 00:00:00+00:00,55.619998931884766,55.77000045776367,55.400001525878906,55.630001068115234,46.68887710571289,13381800.0
2019-02-14 00:00:00+00:00,55.66999816894531,55.83000183105469,55.34000015258789,55.540000915527344,46.61334228515625,19094000.0
2019-02-15 00:00:00+00:00,55.720001220703125,55.91999816894531,55.5099983215332,55.709999084472656,46.75600814819336,9344500.0
2019-02-18 00:00:00+00:00,,,,,,
2019-02-19 00:00:00+00:00,55.75,56.099998474121094,55.58000183105469,56.040000915527344,47.03296661376953,14489300.0
2019-02-20 00:00:00+00:00,56.02000045776367,56.38999938964844,55.720001220703125,56.290000915527344,47.242794036865234,14358400.0
2019-02-21 00:00:00+00:00,56.119998931884766,56.790000915527344,55.93000030517578,56.70000076293945,47.58690643310547,19100000.0
2019-02-22 00:00:00+00:00,56.79999923706055,57.060001373291016,56.540000915527344,57.04999923706055,47.88064956665039,15247500.0
2019-02-25 00:00:00+00:00,57.099998474121094,57.13999938964844,56.45000076293945,56.68000030517578,47.570106506347656,13080100.0
2019-02-26 00:00:00+00:00,56.79999923706055,56.880001068115234,56.31999969482422,56.61000061035156,47.5113639831543,13702700.0
2019-02-27 00:00:00+00:00,56.47999954223633,56.86000061035156,56.41999816894531,56.68000030517578,47.570106506347656,11956300.0
2019-02-28 00:00:00+00:00,56.709999084472656,57.150001525878906,56.40999984741211,57.0099983215332,47.847068786621094,12808100.0
2019-03-01 00:00:00+00:00,57.029998779296875,57.16999816894531,56.650001525878906,57.130001068115234,47.94778823852539,13418000.0
2019-03-04 00:00:00+00:00,57.20000076293945,57.349998474121094,56.66999816894531,57.22999954223633,48.031707763671875,12337600.0
2019-03-05 00:00:00+00:00,57.22999954223633,57.369998931884766,57.060001373291016,57.15999984741211,47.972957611083984,12045500.0
2019-03-06 00:00:00+00:00,57.220001220703125,57.369998931884766,56.959999084472656,57.15999984741211,47.972957611083984,11304300.0
2019-03-07 00:00:00+00:00,57.2599983215332,57.709999084472656,57.189998626708984,57.349998474121094,48.13242721557617,15128500.0
2019-03-08 00:00:00+00:00,57.41999816894531,57.599998474121094,57.0099983215332,57.54999923706055,48.3002815246582,18015900.0
2019-03-11 00:00:00+00:00,57.56999969482422,57.97999954223633,57.529998779296875,57.959999084472656,48.64438247680664,14458800.0
2019-03-12 00:00:00+00:00,58.060001373291016,58.41999816894531,57.95000076293945,58.36000061035156,48.98009490966797,17102100.0
2019-03-13 00:00:00+00:00,58.25,58.560001373291016,58.209999084472656,58.41999816894531,49.03044891357422,15887600.0
2019-03-14 00:00:00+00:00,58.38999938964844,58.7400016784668,58.189998626708984,58.40999984741211,49.02206039428711,15155400.0
2019-03-15 00:00:00+00:00,58.06999969482422,58.380001068115234,57.7400016784668,58.189998626708984,49.199607849121094,17714900.0
2019-03-18 00:00:00+00:00,58.220001220703125,58.29999923706055,57.720001220703125,57.970001220703125,49.013607025146484,15008800.0
2019-03-19 00:00:00+00:00,57.880001068115234,57.970001220703125,57.099998474121094,57.310001373291016,48.45558547973633,22635800.0
2019-03-20 00:00:00+00:00,57.41999816894531,57.91999816894531,57.16999816894531,57.459999084472656,48.5823974609375,18880500.0
2019-03-21 00:00:00+00:00,57.5,58.189998626708984,57.40999984741211,58.06999969482422,49.09815216064453,15371800.0
2019-03-22 00:00:00+00:00,58.290000915527344,58.900001525878906,58.06999969482422,58.4900016784668,49.453269958496094,20452500.0
2019-03-25 00:00:00+00:00,58.540000915527344,58.720001220703125,58.29999923706055,58.540000915527344,49.49555206298828,13763000.0
2019-03-26 00:00:00+00:00,58.56999969482422,59.0,58.4900016784668,58.959999084472656,49.850643157958984,15699700.0
2019-03-27 00:00:00+00:00,59.02000045776367,59.06999969482422,58.279998779296875,58.54999923706055,49.503997802734375,17323500.0
2019-03-28 00:00:00+00:00,58.540000915527344,58.7400016784668,57.65999984741211,57.86000061035156,48.92060089111328,24748800.0
2019-03-29 00:00:00+00:00,57.779998779296875,58.2400016784668,57.63999938964844,58.16999816894531,49.18270492553711,21835100.0
2019-04-01 00:00:00+00:00,58.16999816894531,58.16999816894531,57.43000030517578,57.77000045776367,48.8444938659668,26681900.0
2019-04-02 00:00:00+00:00,57.88999938964844,57.959999084472656,57.4900016784668,57.849998474121094,48.91214370727539,24978100.0
2019-04-03 00:00:00+00:00,57.72999954223633,58.0,57.33000183105469,57.7599983215332,48.8360481262207,15450500.0
2019-04-04 00:00:00+00:00,57.86000061035156,57.90999984741211,57.220001220703125,57.560001373291016,48.66695022583008,16264600.0
2019-04-05 00:00:00+00:00,57.560001373291016,58.130001068115234,57.380001068115234,58.099998474121094,49.12352752685547,15419300.0
2019-04-08 00:00:00+00:00,57.970001220703125,58.04999923706055,57.540000915527344,57.689998626708984,48.77685546875,14681700.0
2019-04-09 00:00:00+00:00,57.7400016784668,57.88999938964844,57.56999969482422,57.83000183105469,48.89523696899414,12993900.0
2019-04-10 00:00:00+00:00,57.95000076293945,58.34000015258789,57.52000045776367,57.650001525878906,48.7430419921875,16891200.0
2019-04-11 00:00:00+00:00,57.63999938964844,57.959999084472656,57.56999969482422,57.939998626708984,48.98823547363281,17420000.0
2019-04-12 00:00:00+00:00,57.72999954223633,58.27000045776367,57.439998626708984,58.209999084472656,49.216522216796875,15926600.0
2019-04-15 00:00:00+00:00,58.2599983215332,58.459999084472656,58.04999923706055,58.20000076293945,49.208072662353516,15253100.0
2019-04-16 00:00:00+00:00,58.20000076293945,58.33000183105469,57.290000915527344,57.47999954223633,48.59931182861328,19688700.0
2019-04-17 00:00:00+00:00,57.41999816894531,57.56999969482422,57.209999084472656,57.2599983215332,48.413299560546875,15194800.0
2019-04-18 00:00:00+00:00,57.400001525878906,57.689998626708984,57.2599983215332,57.290000915527344,48.438663482666016,16039400.0
2019-04-19 00:00:00+00:00,,,,,,
2019-04-22 00:00:00+00:00,57.27000045776367,57.459999084472656,57.119998931884766,57.2400016784668,48.39640426635742,10685500.0
2019-04-23 00:00:00+00:00,57.2599983215332,57.58000183105469,56.97999954223633,57.400001525878906,48.53166580200195,17068200.0
2019-04-24 00:00:00+00:00,57.540000915527344,57.970001220703125,57.45000076293945,57.77000045776367,48.8444938659668,16428400.0
2019-04-25 00:00:00+00:00,57.5099983215332,58.2400016784668,57.45000076293945,58.0099983215332,49.04741287231445,15253300.0
2019-04-26 00:00:00+00:00,58.33000183105469,58.68000030517578,58.040000915527344,58.099998474121094,49.12352752685547,14517400.0
2019-04-29 00:00:00+00:00,58.04999923706055,58.06999969482422,57.52000045776367,57.7599983215332,48.8360481262207,20775900.0
2019-04-30 00:00:00+00:00,57.77000045776367,58.75,57.66999816894531,58.709999084472656,49.6392707824707,22016700.0
2019-05-01 00:00:00+00:00,58.540000915527344,58.70000076293945,58.060001373291016,58.11000061035156,49.13197708129883,26412700.0
2019-05-02 00:00:00+00:00,58.0,58.310001373291016,57.54999923706055,57.97999954223633,49.02206039428711,23463800.0
2019-05-03 00:00:00+00:00,57.97999954223633,58.400001525878906,57.88999938964844,58.29999923706055,49.29261779785156,16071300.0
2019-05-06 00:00:00+00:00,58.29999923706055,58.459999084472656,57.86000061035156,57.97999954223633,49.02206039428711,13389500.0
2019-05-07 00:00:00+00:00,57.88999938964844,58.029998779296875,57.529998779296875,57.79999923706055,48.86986541748047,12542200.0
2019-05-08 00:00:00+00:00,57.72999954223633,57.790000915527344,56.959999084472656,57.0099983215332,48.20191955566406,28692400.0
2019-05-09 00:00:00+00:00,57.0099983215332,57.2599983215332,56.65999984741211,56.939998626708984,48.14273452758789,16173800.0
2019-05-10 00:00:00+00:00,56.93000030517578,57.9900016784668,56.81999969482422,57.959999084472656,49.00514602661133,25158000.0
2019-05-13 00:00:00+00:00,57.779998779296875,58.709999084472656,57.70000076293945,58.58000183105469,49.529361724853516,20096300.0
2019-05-14 00:00:00+00:00,58.59000015258789,58.63999938964844,58.08000183105469,58.189998626708984,49.199607849121094,17609400.0
2019-05-15 00:00:00+00:00,58.220001220703125,58.439998626708984,58.02000045776367,58.09000015258789,49.11506271362305,14577500.0
2019-05-16 00:00:00+00:00,58.029998779296875,58.65999984741211,57.869998931884766,58.47999954223633,49.444820404052734,13908300.0
2019-05-17 00:00:00+00:00,58.220001220703125,59.0099983215332,58.13999938964844,58.779998779296875,49.698455810546875,10477100.0
2019-05-20 00:00:00+00:00,58.90999984741211,59.22999954223633,58.709999084472656,58.86000061035156,49.76610565185547,9118700.0
2019-05-21 00:00:00+00:00,58.95000076293945,59.45000076293945,58.810001373291016,58.970001220703125,49.85910415649414,11504400.0
2019-05-22 00:00:00+00:00,59.060001373291016,59.470001220703125,58.880001068115234,59.40999984741211,50.23111343383789,9257900.0
2019-05-23 00:00:00+00:00,59.470001220703125,59.93000030517578,59.40999984741211,59.91999816894531,50.66231918334961,15164500.0
2019-05-24 00:00:00+00:00,59.959999084472656,60.27000045776367,59.7599983215332,59.83000183105469,50.58622741699219,8712400.0
2019-05-27 00:00:00+00:00,,,,,,
2019-05-28 00:00:00+00:00,59.90999984741211,59.959999084472656,58.75,58.849998474121094,49.75764465332031,16397900.0
2019-05-29 00:00:00+00:00,58.9900016784668,59.04999923706055,57.93000030517578,58.06999969482422,49.09815216064453,20119100.0
2019-05-30 00:00:00+00:00,58.08000183105469,58.400001525878906,57.79999923706055,57.97999954223633,49.02206039428711,16822600.0
2019-05-31 00:00:00+00:00,58.0,58.40999984741211,57.7400016784668,58.25,49.250335693359375,18257000.0
2019-06-03 00:00:00+00:00,58.439998626708984,58.90999984741211,58.13999938964844,58.83000183105469,49.7407341003418,20335400.0
2019-06-04 00:00:00+00:00,58.88999938964844,58.959999084472656,57.790000915527344,58.880001068115234,49.78300857543945,18528900.0
2019-06-05 00:00:00+00:00,59.099998474121094,60.34000015258789,58.88999938964844,60.13999938964844,50.84833526611328,31755300.0
2019-06-06 00:00:00+00:00,60.220001220703125,60.619998931884766,60.04999923706055,60.5099983215332,51.16117477416992,25511200.0
2019-06-07 00:00:00+00:00,60.81999969482422,61.189998626708984,60.029998779296875,60.060001373291016,50.780704498291016,18993100.0
2019-06-10 00:00:00+00:00,59.880001068115234,60.0,59.349998474121094,59.650001525878906,50.43404769897461,13700300.0
2019-06-11 00:00:00+00:00,59.630001068115234,59.790000915527344,58.95000076293945,59.290000915527344,50.12965774536133,18036100.0
2019-06-12 00:00:00+00:00,59.59000015258789,60.150001525878906,59.52000045776367,60.060001373291016,50.780704498291016,12350200.0
2019-06-13 00:00:00+00:00,60.20000076293945,60.36000061035156,59.779998779296875,60.18000030517578,50.88215637207031,16212000.0
2019-06-14 00:00:00+00:00,60.25,60.91999816894531,60.22999954223633,60.810001373291016,51.414825439453125,14242700.0
2019-06-17 00:00:00+00:00,60.810001373291016,60.9900016784668,60.2599983215332,60.63999938964844,51.271095275878906,11462100.0
2019-06-18 00:00:00+00:00,60.90999984741211,61.0099983215332,59.97999954223633,60.38999938964844,51.059715270996094,23145300.0
2019-06-19 00:00:00+00:00,60.119998931884766,61.11000061035156,60.099998474121094,60.849998474121094,51.44863510131836,21595900.0
2019-06-20 00:00:00+00:00,61.16999816894531,61.380001068115234,60.540000915527344,61.2400016784668,51.77838897705078,19137800.0
2019-06-21 00:00:00+00:00,60.70000076293945,61.099998474121094,60.27000045776367,60.9900016784668,51.978668212890625,15058200.0
2019-06-24 00:00:00+00:00,61.099998474121094,61.189998626708984,60.779998779296875,61.0099983215332,51.99571228027344,9887200.0
2019-06-25 00:00:00+00:00,61.060001373291016,61.060001373291016,60.5,60.63999938964844,51.68038558959961,12145400.0
2019-06-26 00:00:00+00:00,60.4900016784668,60.619998931884766,59.29999923706055,59.31999969482422,50.555416107177734,16888500.0
2019-06-27 00:00:00+00:00,59.5099983215332,59.68000030517578,59.16999816894531,59.400001525878906,50.623592376708984,14135500.0
2019-06-28 00:00:00+00:00,59.41999816894531,59.959999084472656,59.29999923706055,59.630001068115234,50.819618225097656,16133200.0
2019-07-01 00:00:00+00:00,59.66999816894531,59.72999954223633,58.939998626708984,59.47999954223633,50.691768646240234,17923400.0
2019-07-02 00:00:00+00:00,59.70000076293945,60.38999938964844,59.689998626708984,60.290000915527344,51.38209915161133,21359500.0
2019-07-03 00:00:00+00:00,60.470001220703125,61.08000183105469,60.41999816894531,60.709999084472656,51.74003601074219,15786600.0
2019-07-04 00:00:00+00:00,,,,,,
2019-07-05 00:00:00+00:00,60.33000183105469,60.77000045776367,59.75,60.68000030517578,51.7144660949707,15946400.0
2019-07-08 00:00:00+00:00,60.720001220703125,60.959999084472656,60.38999938964844,60.77000045776367,51.79117202758789,9418200.0
2019-07-09 00:00:00+00:00,60.66999816894531,60.869998931884766,60.34000015258789,60.849998474121094,51.859344482421875,17482700.0
2019-07-10 00:00:00+00:00,60.91999816894531,61.31999969482422,60.709999084472656,60.9900016784668,51.978668212890625,11486000.0
2019-07-11 00:00:00+00:00,60.91999816894531,61.2400016784668,60.4900016784668,61.0099983215332,51.99571228027344,19998000.0
2019-07-12 00:00:00+00:00,60.9900016784668,61.060001373291016,60.38999938964844,60.61000061035156,51.65481185913086,11245300.0
2019-07-15 00:00:00+00:00,60.619998931884766,60.939998626708984,60.38999938964844,60.849998474121094,51.859344482421875,9345300.0
2019-07-16 00:00:00+00:00,60.70000076293945,60.90999984741211,60.18000030517578,60.5,51.561065673828125,14374600.0
2019-07-17 00:00:00+00:00,60.709999084472656,61.08000183105469,60.5,60.72999954223633,51.757083892822266,13354700.0
2019-07-18 00:00:00+00:00,60.7400016784668,61.27000045776367,60.400001525878906,61.2599983215332,52.20876693725586,14733200.0
2019-07-19 00:00:00+00:00,61.119998931884766,61.290000915527344,60.34000015258789,60.369998931884766,51.45026779174805,15308300.0
2019-07-22 00:00:00+00:00,60.52000045776367,60.58000183105469,59.88999938964844,60.2400016784668,51.3394775390625,13176500.0
2019-07-23 00:00:00+00:00,60.310001373291016,60.349998474121094,59.75,59.86000061035156,51.015621185302734,16790600.0
2019-07-24 00:00:00+00:00,60.029998779296875,60.18000030517578,59.45000076293945,59.90999984741211,51.058231353759766,13560700.0
2019-07-25 00:00:00+00:00,59.720001220703125,60.150001525878906,59.459999084472656,59.7599983215332,50.930397033691406,14148300.0
2019-07-26 00:00:00+00:00,59.810001373291016,60.209999084472656,59.68000030517578,59.97999954223633,51.11789321899414,13879000.0
2019-07-29 00:00:00+00:00,60.150001525878906,60.380001068115234,59.810001373291016,60.290000915527344,51.38209915161133,16621700.0
2019-07-30 00:00:00+00:00,60.150001525878906,60.43000030517578,59.529998779296875,59.83000183105469,50.99005126953125,18995600.0
2019-07-31 00:00:00+00:00,59.849998474121094,60.13999938964844,59.189998626708984,59.54999923706055,50.75142288208008,24381000.0
2019-08-01 00:00:00+00:00,59.45000076293945,60.5,59.25,60.15999984741211,51.27129364013672,29493100.0
2019-08-02 00:00:00+00:00,60.25,60.650001525878906,60.02000045776367,60.150001525878906,51.26278305053711,14939300.0
2019-08-05 00:00:00+00:00,60.279998779296875,60.439998626708984,58.970001220703125,59.290000915527344,50.52983856201172,26576800.0
2019-08-06 00:00:00+00:00,59.349998474121094,60.2599983215332,58.689998626708984,60.029998779296875,51.16050338745117,27035900.0
2019-08-07 00:00:00+00:00,60.04999923706055,60.540000915527344,59.20000076293945,60.18000030517578,51.2883415222168,24954700.0
2019-08-08 00:00:00+00:00,60.150001525878906,60.959999084472656,59.81999969482422,60.79999923706055,51.816734313964844,17057500.0
2019-08-09 00:00:00+00:00,60.849998474121094,61.13999938964844,60.650001525878906,60.869998931884766,51.876399993896484,11813500.0
2019-08-12 00:00:00+00:00,60.880001068115234,61.040000915527344,60.439998626708984,60.75,51.774131774902344,13624800.0
2019-08-13 00:00:00+00:00,60.7400016784668,61.0099983215332,60.380001068115234,60.790000915527344,51.80821228027344,17747200.0
2019-08-14 00:00:00+00:00,60.869998931884766,61.18000030517578,60.130001068115234,60.290000915527344,51.38209915161133,20290500.0
2019-08-15 00:00:00+00:00,60.5,61.279998779296875,60.13999938964844,61.06999969482422,52.04684829711914,22085800.0
2019-08-16 00:00:00+00:00,61.099998474121094,61.56999969482422,61.0099983215332,61.380001068115234,52.3110466003418,16121500.0
2019-08-19 00:00:00+00:00,61.25,61.97999954223633,61.150001525878906,61.77000045776367,52.64342498779297,14234000.0
2019-08-20 00:00:00+00:00,61.90999984741211,61.91999816894531,61.40999984741211,61.66999816894531,52.55819320678711,15524400.0
2019-08-21 00:00:00+00:00,61.56999969482422,62.08000183105469,61.52000045776367,62.08000183105469,52.907615661621094,14397900.0
2019-08-22 00:00:00+00:00,62.040000915527344,62.220001220703125,61.61000061035156,62.13999938964844,52.95875549316406,14917100.0
2019-08-23 00:00:00+00:00,62.2599983215332,62.459999084472656,61.16999816894531,61.47999954223633,52.396263122558594,21297900.0
2019-08-26 00:00:00+00:00,61.630001068115234,62.209999084472656,61.47999954223633,62.189998626708984,53.001365661621094,12850700.0
2019-08-27 00:00:00+00:00,62.4900016784668,62.7400016784668,62.22999954223633,62.29999923706055,53.09510803222656,19224400.0
2019-08-28 00:00:00+00:00,62.369998931884766,62.59000015258789,61.90999984741211,62.130001068115234,52.95022964477539,15895800.0
2019-08-29 00:00:00+00:00,62.47999954223633,62.58000183105469,61.97999954223633,62.560001373291016,53.316688537597656,17733500.0
2019-08-30 00:00:00+00:00,62.75,62.79999923706055,62.38999938964844,62.58000183105469,53.33374786376953,12083000.0
2019-09-02 00:00:00+00:00,,,,,,
2019-09-03 00:00:00+00:00,62.560001373291016,63.70000076293945,62.4900016784668,63.689998626708984,54.27973556518555,21364100.0
2019-09-04 00:00:00+00:00,63.869998931884766,64.02999877929688,63.349998474121094,63.75,54.33087158203125,15816600.0
2019-09-05 00:00:00+00:00,63.33000183105469,63.470001220703125,62.84000015258789,63.060001373291016,53.74282455444336,29332400.0
2019-09-06 00:00:00+00:00,63.220001220703125,63.36000061035156,62.619998931884766,62.810001373291016,53.529754638671875,12663200.0
2019-09-09 00:00:00+00:00,62.68000030517578,62.790000915527344,62.380001068115234,62.5,53.265567779541016,16824900.0
2019-09-10 00:00:00+00:00,62.400001525878906,62.58000183105469,62.040000915527344,62.58000183105469,53.33374786376953,19168000.0
2019-09-11 00:00:00+00:00,62.4900016784668,63.25,62.209999084472656,63.20000076293945,53.86213684082031,22688500.0
2019-09-12 00:00:00+00:00,63.58000183105469,63.77000045776367,63.04999923706055,63.34000015258789,53.98145294189453,23599700.0
2019-09-13 00:00:00+00:00,62.97999954223633,63.400001525878906,62.75,62.939998626708984,53.64055252075195,24999100.0
2019-09-16 00:00:00+00:00,63.040000915527344,63.09000015258789,62.63999938964844,62.9900016784668,53.68316650390625,11963000.0
2019-09-17 00:00:00+00:00,63.099998474121094,63.689998626708984,63.06999969482422,63.540000915527344,54.15190124511719,17329100.0
2019-09-18 00:00:00+00:00,63.779998779296875,64.01000213623047,63.380001068115234,63.810001373291016,54.38200759887695,20962700.0
2019-09-19 00:00:00+00:00,64.01000213623047,64.16999816894531,63.77000045776367,64.11000061035156,54.6376838684082,15020700.0
2019-09-20 00:00:00+00:00,63.70000076293945,63.939998626708984,63.380001068115234,63.869998931884766,54.854103088378906,18494600.0
2019-09-23 00:00:00+00:00,63.849998474121094,64.12000274658203,63.720001220703125,63.880001068115234,54.86270523071289,8808300.0
2019-09-24 00:00:00+00:00,64.11000061035156,64.8499984741211,64.05999755859375,64.62999725341797,55.50682067871094,26907900.0
2019-09-25 00:00:00+00:00,64.58000183105469,64.66000366210938,64.23999786376953,64.58999633789062,55.47247314453125,16233800.0
2019-09-26 00:00:00+00:00,64.75,65.11000061035156,64.62999725341797,64.93000030517578,55.76447296142578,13373400.0
2019-09-27 00:00:00+00:00,65.0199966430664,65.05999755859375,64.33999633789062,64.69999694824219,55.56694412231445,16614800.0
2019-09-30 00:00:00+00:00,64.75,65.06999969482422,64.55999755859375,64.73999786376953,55.60129928588867,10835200.0
2019-10-01 00:00:00+00:00,64.5199966430664,64.69999694824219,64.23999786376953,64.58999633789062,55.47247314453125,23783400.0
2019-10-02 00:00:00+00:00,64.44999694824219,64.55999755859375,63.56999969482422,63.72999954223633,54.73387145996094,14860300.0
2019-10-03 00:00:00+00:00,63.75,63.90999984741211,63.41999816894531,63.880001068115234,54.86270523071289,29784600.0
2019-10-04 00:00:00+00:00,63.959999084472656,64.91000366210938,63.869998931884766,64.7699966430664,55.6270637512207,18583500.0
2019-10-07 00:00:00+00:00,64.70999908447266,64.79000091552734,64.36000061035156,64.5199966430664,55.412353515625,12865900.0
2019-10-08 00:00:00+00:00,64.4800033569336,64.52999877929688,63.88999938964844,63.91999816894531,54.89706039428711,21595900.0
2019-10-09 00:00:00+00:00,64.08999633789062,64.4800033569336,63.939998626708984,64.2300033569336,55.163299560546875,8977000.0
2019-10-10 00:00:00+00:00,64.08000183105469,64.30000305175781,63.599998474121094,64.16000366210938,55.10318374633789,15605300.0
2019-10-11 00:00:00+00:00,64.0999984741211,64.31999969482422,63.70000076293945,63.91999816894531,54.89706039428711,16077300.0
2019-10-14 00:00:00+00:00,64.0999984741211,64.12999725341797,63.31999969482422,63.5099983215332,54.54492950439453,9946000.0
2019-10-15 00:00:00+00:00,63.54999923706055,63.70000076293945,63.150001525878906,63.310001373291016,54.37316131591797,15863300.0
2019-10-16 00:00:00+00:00,63.27000045776367,63.47999954223633,62.97999954223633,63.45000076293945,54.49340057373047,16177500.0
2019-10-17 00:00:00+00:00,63.45000076293945,63.7400016784668,63.29999923706055,63.61000061035156,54.63082504272461,12999800.0
2019-10-18 00:00:00+00:00,63.459999084472656,63.959999084472656,63.29999923706055,63.81999969482422,54.81117630004883,14552900.0
2019-10-21 00:00:00+00:00,63.83000183105469,64.08999633789062,63.630001068115234,64.06999969482422,55.025882720947266,11462400.0
2019-10-22 00:00:00+00:00,64.22000122070312,64.62999725341797,64.02999877929688,64.33999633789062,55.25775146484375,15591300.0
2019-10-23 00:00:00+00:00,64.48999786376953,64.76000213623047,64.31999969482422,64.5999984741211,55.481056213378906,12910900.0
2019-10-24 00:00:00+00:00,64.62999725341797,64.93000030517578,64.52999877929688,64.81999969482422,55.670005798339844,11461200.0
2019-10-25 00:00:00+00:00,64.87000274658203,64.95999908447266,63.900001525878906,64.16000366210938,55.10318374633789,16925100.0
2019-10-28 00:00:00+00:00,63.83000183105469,64.0,63.20000076293945,63.279998779296875,54.34739685058594,25068600.0
2019-10-29 00:00:00+00:00,63.2400016784668,63.47999954223633,63.060001373291016,63.34000015258789,54.398929595947266,19772400.0
2019-10-30 00:00:00+00:00,63.38999938964844,64.05999755859375,63.380001068115234,63.900001525878906,54.879886627197266,19680300.0
2019-10-31 00:00:00+00:00,63.959999084472656,64.33000183105469,63.75,64.25,55.18047332763672,17245900.0
2019-11-01 00:00:00+00:00,64.29000091552734,64.48999786376953,63.97999954223633,64.08999633789062,55.043052673339844,15690900.0
2019-11-04 00:00:00+00:00,64.02999877929688,64.06999969482422,63.040000915527344,63.27000045776367,54.33881378173828,24342800.0
2019-11-05 00:00:00+00:00,62.959999084472656,63.15999984741211,62.45000076293945,62.619998931884766,53.780555725097656,21996900.0
2019-11-06 00:00:00+00:00,62.72999954223633,63.119998931884766,62.630001068115234,62.86000061035156,53.9866828918457,17771900.0
2019-11-07 00:00:00+00:00,62.529998779296875,62.849998474121094,61.599998474121094,62.0099983215332,53.25666809082031,22844700.0
2019-11-08 00:00:00+00:00,61.81999969482422,62.09000015258789,61.47999954223633,61.75,53.03337860107422,15971500.0
2019-11-11 00:00:00+00:00,61.77000045776367,61.84000015258789,61.310001373291016,61.369998931884766,52.70700454711914,9273200.0
2019-11-12 00:00:00+00:00,61.380001068115234,61.63999938964844,61.34000015258789,61.52000045776367,52.83584213256836,12668500.0
2019-11-13 00:00:00+00:00,61.7400016784668,62.56999969482422,61.65999984741211,62.43000030517578,53.61738204956055,16796900.0
2019-11-14 00:00:00+00:00,62.630001068115234,62.970001220703125,62.45000076293945,62.650001525878906,53.80633544921875,16836000.0
2019-11-15 00:00:00+00:00,62.68000030517578,62.880001068115234,62.4900016784668,62.849998474121094,53.978092193603516,9965800.0
2019-11-18 00:00:00+00:00,62.97999954223633,63.5,62.869998931884766,62.97999954223633,54.089752197265625,16490800.0
2019-11-19 00:00:00+00:00,62.79999923706055,63.16999816894531,62.4900016784668,62.81999969482422,53.952327728271484,18052400.0
2019-11-20 00:00:00+00:00,62.90999984741211,63.290000915527344,62.7599983215332,63.20000076293945,54.278690338134766,19679500.0
2019-11-21 00:00:00+00:00,63.189998626708984,63.25,62.77000045776367,62.97999954223633,54.089752197265625,14209000.0
2019-11-22 00:00:00+00:00,63.119998931884766,63.150001525878906,62.54999923706055,63.0,54.1069221496582,11485200.0
2019-11-25 00:00:00+00:00,63.060001373291016,63.2400016784668,62.650001525878906,62.790000915527344,53.92655944824219,20398700.0
2019-11-26 00:00:00+00:00,62.88999938964844,63.09000015258789,62.75,63.0,54.1069221496582,16150100.0
2019-11-27 00:00:00+00:00,62.849998474121094,63.18000030517578,62.79999923706055,63.11000061035156,54.201385498046875,12528200.0
2019-11-28 00:00:00+00:00,,,,,,
2019-11-29 00:00:00+00:00,63.22999954223633,63.470001220703125,62.9900016784668,63.04999923706055,54.14985275268555,5121500.0
2019-12-02 00:00:00+00:00,62.75,62.90999984741211,62.5099983215332,62.63999938964844,53.7977409362793,18700600.0
2019-12-03 00:00:00+00:00,62.79999923706055,62.93000030517578,62.65999984741211,62.810001373291016,53.94374084472656,12900900.0
2019-12-04 00:00:00+00:00,62.790000915527344,63.38999938964844,62.7400016784668,63.290000915527344,54.35598373413086,19597700.0
2019-12-05 00:00:00+00:00,63.189998626708984,63.40999984741211,63.029998779296875,63.400001525878906,54.45045852661133,12449700.0
2019-12-06 00:00:00+00:00,63.15999984741211,63.58000183105469,63.15999984741211,63.209999084472656,54.287269592285156,9582200.0
2019-12-09 00:00:00+00:00,63.349998474121094,63.36000061035156,62.880001068115234,62.9900016784668,54.098331451416016,11583200.0
2019-12-10 00:00:00+00:00,62.97999954223633,63.11000061035156,62.81999969482422,62.97999954223633,54.089752197265625,12598800.0
2019-12-11 00:00:00+00:00,63.060001373291016,63.2599983215332,62.83000183105469,63.150001525878906,54.23574447631836,11990100.0
2019-12-12 00:00:00+00:00,63.06999969482422,63.31999969482422,62.61000061035156,62.880001068115234,54.00386428833008,24117100.0
2019-12-13 00:00:00+00:00,62.90999984741211,63.47999954223633,62.66999816894531,63.369998931884766,54.4246940612793,19334600.0
2019-12-16 00:00:00+00:00,63.369998931884766,64.19999694824219,63.369998931884766,64.16000366210938,55.10318374633789,20773900.0
2019-12-17 00:00:00+00:00,64.19999694824219,64.7699966430664,64.13999938964844,64.37000274658203,55.28353500366211,16847300.0
2019-12-18 00:00:00+00:00,64.41999816894531,64.72000122070312,64.08000183105469,64.62999725341797,55.50682067871094,12807900.0
2019-12-19 00:00:00+00:00,64.62999725341797,64.73999786376953,64.25,64.6500015258789,55.52401351928711,16901600.0
2019-12-20 00:00:00+00:00,64.12999725341797,64.94000244140625,64.12999725341797,64.58999633789062,55.90570831298828,22971100.0
2019-12-23 00:00:00+00:00,64.69999694824219,64.7300033569336,63.81999969482422,63.9900016784668,55.38638687133789,16478000.0
2019-12-24 00:00:00+00:00,64.05999755859375,64.11000061035156,63.7400016784668,64.08000183105469,55.46427917480469,4512800.0
2019-12-25 00:00:00+00:00,,,,,,
2019-12-26 00:00:00+00:00,64.13999938964844,64.25,63.91999816894531,64.19000244140625,55.559505462646484,6658500.0
2019-12-27 00:00:00+00:00,64.19000244140625,64.37999725341797,64.06999969482422,64.37999725341797,55.72394561767578,10301700.0
2019-12-30 00:00:00+00:00,64.11000061035156,64.37999725341797,64.02999877929688,64.37000274658203,55.715293884277344,11934300.0
2019-12-31 00:00:00+00:00,64.36000061035156,64.69999694824219,64.27999877929688,64.62000274658203,55.931678771972656,10808400.0
2020-01-01 00:00:00+00:00,,,,,,
2020-01-02 00:00:00+00:00,64.7300033569336,64.75,63.56999969482422,63.810001373291016,55.2305908203125,19107700.0
2020-01-03 00:00:00+00:00,63.86000061035156,64.16999816894531,63.709999084472656,63.939998626708984,55.343109130859375,17989300.0
2020-01-06 00:00:00+00:00,63.86000061035156,64.19000244140625,63.7599983215332,64.0,55.395042419433594,10444500.0
2020-01-07 00:00:00+00:00,63.84000015258789,63.939998626708984,63.54999923706055,63.90999984741211,55.317138671875,13070300.0
2020-01-08 00:00:00+00:00,63.939998626708984,64.16000366210938,63.779998779296875,63.880001068115234,55.291168212890625,12741400.0
2020-01-09 00:00:00+00:00,63.79999923706055,64.30000305175781,63.790000915527344,64.2300033569336,55.594120025634766,11643100.0
2020-01-10 00:00:00+00:00,64.31999969482422,64.62999725341797,64.29000091552734,64.4000015258789,55.74126052856445,10582900.0
2020-01-13 00:00:00+00:00,64.37999725341797,64.9800033569336,64.37999725341797,64.79000091552734,56.078819274902344,12671100.0
2020-01-14 00:00:00+00:00,64.79000091552734,65.0,64.5,64.9800033569336,56.243282318115234,11495000.0
2020-01-15 00:00:00+00:00,65.12000274658203,66.0,65.11000061035156,65.88999938964844,57.03091812133789,15885900.0
2020-01-16 00:00:00+00:00,65.94000244140625,66.37000274658203,65.91999816894531,66.30000305175781,57.385799407958984,10898800.0
2020-01-17 00:00:00+00:00,66.27999877929688,66.8499984741211,66.0999984741211,66.76000213623047,57.783958435058594,13258800.0
2020-01-20 00:00:00+00:00,,,,,,
2020-01-21 00:00:00+00:00,66.91000366210938,67.4000015258789,66.63999938964844,67.37000274658203,58.31193923950195,23876500.0
2020-01-22 00:00:00+00:00,67.5,67.7699966430664,67.4000015258789,67.58000183105469,58.49370574951172,10841600.0
2020-01-23 00:00:00+00:00,67.56999969482422,68.19999694824219,67.5,68.18000030517578,59.013031005859375,12969300.0
2020-01-24 00:00:00+00:00,68.0,68.61000061035156,67.88999938964844,68.36000061035156,59.1688346862793,14401500.0
2020-01-27 00:00:00+00:00,68.31999969482422,68.80000305175781,68.0,68.19000244140625,59.02169418334961,11272200.0
2020-01-28 00:00:00+00:00,68.26000213623047,68.76000213623047,68.08999633789062,68.47000122070312,59.26404571533203,17528400.0
2020-01-29 00:00:00+00:00,68.51000213623047,68.75,68.23999786376953,68.6500015258789,59.41984176635742,10799800.0
2020-01-30 00:00:00+00:00,68.61000061035156,69.33000183105469,68.44000244140625,69.29000091552734,59.97378158569336,14404300.0
2020-01-31 00:00:00+00:00,69.16000366210938,69.44000244140625,68.62000274658203,68.9800033569336,59.70547103881836,20474500.0
2020-02-03 00:00:00+00:00,69.08999633789062,69.27999877929688,68.93000030517578,69.19999694824219,59.89588165283203,13547900.0
2020-02-04 00:00:00+00:00,69.16000366210938,69.37000274658203,68.44000244140625,68.51000213623047,59.29866409301758,20692100.0
2020-02-05 00:00:00+00:00,68.36000061035156,68.95999908447266,68.20999908447266,68.79000091552734,59.541019439697266,16305100.0
2020-02-06 00:00:00+00:00,68.86000061035156,69.19999694824219,68.63999938964844,68.80999755859375,59.55832290649414,14954100.0
2020-02-07 00:00:00+00:00,68.97000122070312,69.06999969482422,68.56999969482422,68.58999633789062,59.36790084838867,10696400.0
2020-02-10 00:00:00+00:00,68.69999694824219,68.8499984741211,68.44999694824219,68.8499984741211,59.59294509887695,8139800.0
2020-02-11 00:00:00+00:00,68.97000122070312,69.33000183105469,68.93000030517578,69.0999984741211,59.8093376159668,10269700.0
2020-02-12 00:00:00+00:00,68.98999786376953,69.36000061035156,68.7699966430664,69.1500015258789,59.85262680053711,8047400.0
2020-02-13 00:00:00+00:00,69.20999908447266,69.95999908447266,69.0999984741211,69.91999816894531,60.51908874511719,13587600.0
2020-02-14 00:00:00+00:00,70.05000305175781,70.44999694824219,69.94999694824219,70.38999938964844,60.9258918762207,10554100.0
2020-02-17 00:00:00+00:00,,,,,,
2020-02-18 00:00:00+00:00,70.66000366210938,71.0999984741211,70.45999908447266,70.9800033569336,61.43657684326172,15034800.0
2020-02-19 00:00:00+00:00,70.69999694824219,70.80000305175781,70.20999908447266,70.20999908447266,60.77009582519531,11195500.0
2020-02-20 00:00:00+00:00,70.2300033569336,70.5,69.88999938964844,70.45999908447266,60.986473083496094,14405100.0
2020-02-21 00:00:00+00:00,70.33000183105469,70.79000091552734,70.26000213623047,70.33000183105469,60.873958587646484,11728600.0
2020-02-24 00:00:00+00:00,70.02999877929688,70.41999816894531,69.4800033569336,69.51000213623047,60.16419982910156,20442100.0
2020-02-25 00:00:00+00:00,69.58000183105469,69.69999694824219,67.93000030517578,68.05000305175781,58.900508880615234,28138300.0
2020-02-26 00:00:00+00:00,68.05000305175781,68.66000366210938,67.3499984741211,67.36000061035156,58.303279876708984,26192300.0
2020-02-27 00:00:00+00:00,67.08999633789062,67.45999908447266,64.30999755859375,64.33000183105469,55.68067932128906,43603100.0
2020-02-28 00:00:00+00:00,62.86000061035156,62.93000030517578,60.70000076293945,62.18000030517578,53.81974792480469,90263100.0
2020-03-02 00:00:00+00:00,62.5,65.93000030517578,62.349998474121094,65.83999633789062,56.987632751464844,42175800.0
2020-03-03 00:00:00+00:00,65.87999725341797,67.23999786376953,64.7699966430664,65.02999877929688,56.28655242919922,63279000.0
2020-03-04 00:00:00+00:00,65.88999938964844,68.80999755859375,65.8499984741211,68.72000122070312,59.48041534423828,31428200.0
2020-03-05 00:00:00+00:00,67.58999633789062,68.58000183105469,66.86000061035156,67.66000366210938,58.56294250488281,33535100.0
2020-03-06 00:00:00+00:00,65.87000274658203,67.37999725341797,64.61000061035156,67.11000061035156,58.086883544921875,35498900.0
2020-03-09 00:00:00+00:00,63.54999923706055,65.25,62.459999084472656,63.459999084472656,54.927642822265625,37169700.0
2020-03-10 00:00:00+00:00,64.5,65.23999786376953,61.189998626708984,64.05000305175781,55.438316345214844,40808400.0
2020-03-11 00:00:00+00:00,62.619998931884766,62.65999984741211,59.970001220703125,60.83000183105469,52.65126037597656,32153900.0
2020-03-12 00:00:00+00:00,57.5,58.540000915527344,54.0099983215332,54.689998626708984,47.3367919921875,38883200.0
2020-03-13 00:00:00+00:00,57.77000045776367,57.77000045776367,53.650001525878906,57.66999816894531,49.91611862182617,27138600.0
2020-03-16 00:00:00+00:00,52.459999084472656,56.5099983215332,50.91999816894531,51.119998931884766,44.246788024902344,28146700.0
2020-03-17 00:00:00+00:00,52.61000061035156,58.150001525878906,52.040000915527344,57.65999984741211,49.907470703125,38973000.0
2020-03-18 00:00:00+00:00,54.209999084472656,56.0099983215332,52.22999954223633,55.150001525878906,47.734954833984375,42846400.0
2020-03-19 00:00:00+00:00,54.63999938964844,54.880001068115234,51.779998779296875,51.939998626708984,44.956539154052734,32729500.0
2020-03-20 00:00:00+00:00,52.41999816894531,52.41999816894531,47.47999954223633,47.81999969482422,41.39048385620117,28179200.0
2020-03-23 00:00:00+00:00,47.189998626708984,47.189998626708984,43.439998626708984,44.93000030517578,39.278385162353516,32009000.0
2020-03-24 00:00:00+00:00,46.650001525878906,49.970001220703125,46.33000183105469,49.7599983215332,43.50083541870117,27451400.0
2020-03-25 00:00:00+00:00,49.83000183105469,53.16999816894531,48.33000183105469,51.029998779296875,44.611080169677734,30627500.0
2020-03-26 00:00:00+00:00,51.58000183105469,55.97999954223633,51.060001373291016,55.380001068115234,48.41391372680664,30897200.0
2020-03-27 00:00:00+00:00,53.709999084472656,57.689998626708984,53.439998626708984,55.68000030517578,48.676177978515625,25093100.0
2020-03-30 00:00:00+00:00,56.15999984741211,58.09000015258789,55.91999816894531,57.7400016784668,50.477046966552734,29759500.0
2020-03-31 00:00:00+00:00,57.290000915527344,57.290000915527344,55.22999954223633,55.40999984741211,48.44013214111328,33728200.0
2020-04-01 00:00:00+00:00,53.220001220703125,53.95000076293945,51.08000183105469,52.08000183105469,45.52900695800781,26710300.0
2020-04-02 00:00:00+00:00,51.52000045776367,54.08000183105469,51.22999954223633,53.709999084472656,46.95397186279297,26560800.0
2020-04-03 00:00:00+00:00,53.119998931884766,53.779998779296875,51.38999938964844,51.790000915527344,45.275489807128906,15936000.0
2020-04-06 00:00:00+00:00,53.689998626708984,56.349998474121094,53.689998626708984,55.790000915527344,48.7723274230957,20689800.0
2020-04-07 00:00:00+00:00,57.290000915527344,57.380001068115234,55.02000045776367,55.09000015258789,48.1603889465332,24581600.0
2020-04-08 00:00:00+00:00,55.41999816894531,58.56999969482422,54.959999084472656,58.09000015258789,50.78302764892578,32462800.0
2020-04-09 00:00:00+00:00,58.970001220703125,61.779998779296875,58.75,60.83000183105469,53.178367614746094,43861400.0
2020-04-10 00:00:00+00:00,,,,,,
2020-04-13 00:00:00+00:00,60.52000045776367,60.52000045776367,58.310001373291016,58.900001525878906,51.49113082885742,13915200.0
2020-04-14 00:00:00+00:00,60.16999816894531,60.720001220703125,59.59000015258789,60.630001068115234,53.00352478027344,17087800.0
2020-04-15 00:00:00+00:00,58.959999084472656,59.68000030517578,58.29999923706055,58.630001068115234,51.25510025024414,12835800.0
2020-04-16 00:00:00+00:00,58.880001068115234,59.130001068115234,58.060001373291016,58.63999938964844,51.26384353637695,10400000.0
2020-04-17 00:00:00+00:00,59.88999938964844,60.849998474121094,59.08000183105469,60.529998779296875,52.91610336303711,10777500.0
2020-04-20 00:00:00+00:00,60.150001525878906,60.150001525878906,58.150001525878906,58.2400016784668,50.914161682128906,14380500.0
2020-04-21 00:00:00+00:00,57.189998626708984,57.970001220703125,56.63999938964844,57.279998779296875,50.07491683959961,20391600.0
2020-04-22 00:00:00+00:00,58.36000061035156,59.43000030517578,57.970001220703125,58.95000076293945,51.534847259521484,15595400.0
2020-04-23 00:00:00+00:00,59.130001068115234,59.290000915527344,57.630001068115234,57.959999084472656,50.669376373291016,12415200.0
2020-04-24 00:00:00+00:00,58.060001373291016,58.56999969482422,57.310001373291016,58.31999969482422,50.98409652709961,11986900.0
2020-04-27 00:00:00+00:00,58.65999984741211,59.36000061035156,58.599998474121094,58.93000030517578,51.51736831665039,12740500.0
2020-04-28 00:00:00+00:00,59.7599983215332,60.400001525878906,58.880001068115234,59.150001525878906,51.70969009399414,14321700.0
2020-04-29 00:00:00+00:00,60.11000061035156,60.13999938964844,58.369998931884766,58.61000061035156,51.237613677978516,11787800.0
2020-04-30 00:00:00+00:00,58.189998626708984,58.279998779296875,56.72999954223633,57.2599983215332,50.057430267333984,19366900.0
2020-05-01 00:00:00+00:00,56.59000015258789,56.630001068115234,55.560001373291016,55.880001068115234,48.851016998291016,13459300.0
2020-05-04 00:00:00+00:00,55.59000015258789,56.439998626708984,55.25,56.29999923706055,49.21818161010742,12013800.0
2020-05-05 00:00:00+00:00,56.5,57.439998626708984,56.43000030517578,56.7599983215332,49.620323181152344,11826800.0
2020-05-06 00:00:00+00:00,56.959999084472656,57.0,54.75,54.83000183105469,47.93308639526367,24075200.0
2020-05-07 00:00:00+00:00,55.459999084472656,55.95000076293945,54.959999084472656,55.04999923706055,48.12540817260742,21133100.0
2020-05-08 00:00:00+00:00,55.720001220703125,56.380001068115234,55.459999084472656,56.15999984741211,49.095787048339844,13276600.0
2020-05-11 00:00:00+00:00,55.720001220703125,56.130001068115234,54.93000030517578,55.91999816894531,48.885986328125,15663200.0
2020-05-12 00:00:00+00:00,56.060001373291016,56.310001373291016,55.31999969482422,55.43000030517578,48.45761489868164,21867200.0
2020-05-13 00:00:00+00:00,55.31999969482422,55.31999969482422,54.33000183105469,54.959999084472656,48.04673767089844,19822500.0
2020-05-14 00:00:00+00:00,54.40999984741211,55.709999084472656,53.65999984741211,55.54999923706055,48.562530517578125,23116600.0
2020-05-15 00:00:00+00:00,55.15999984741211,55.18000030517578,53.970001220703125,54.810001373291016,47.91560363769531,34673800.0
2020-05-18 00:00:00+00:00,56.099998474121094,57.41999816894531,56.099998474121094,57.060001373291016,49.88258361816406,22997300.0
2020-05-19 00:00:00+00:00,56.81999969482422,56.97999954223633,56.11000061035156,56.119998931884766,49.060821533203125,16327900.0
2020-05-20 00:00:00+00:00,56.70000076293945,57.060001373291016,56.209999084472656,56.43000030517578,49.33183670043945,11791600.0
2020-05-21 00:00:00+00:00,56.279998779296875,56.68000030517578,55.75,55.86000061035156,48.833526611328125,16934100.0
2020-05-22 00:00:00+00:00,55.86000061035156,56.529998779296875,55.68000030517578,56.47999954223633,49.375545501708984,11919000.0
2020-05-25 00:00:00+00:00,,,,,,
2020-05-26 00:00:00+00:00,57.5,57.95000076293945,56.790000915527344,56.849998474121094,49.69900131225586,17535900.0
2020-05-27 00:00:00+00:00,57.849998474121094,57.95000076293945,56.7400016784668,57.529998779296875,50.29346466064453,16492300.0
2020-05-28 00:00:00+00:00,58.27000045776367,59.47999954223633,58.220001220703125,59.22999954223633,51.77962875366211,21291000.0
2020-05-29 00:00:00+00:00,59.09000015258789,60.0,58.7400016784668,59.689998626708984,52.181766510009766,14755900.0
2020-06-01 00:00:00+00:00,59.66999816894531,60.77000045776367,59.33000183105469,60.400001525878906,52.802459716796875,14556400.0
2020-06-02 00:00:00+00:00,60.630001068115234,60.83000183105469,59.97999954223633,60.790000915527344,53.14340591430664,13999300.0
2020-06-03 00:00:00+00:00,61.119998931884766,61.95000076293945,61.06999969482422,61.52000045776367,53.78157424926758,12841400.0
2020-06-04 00:00:00+00:00,61.189998626708984,61.31999969482422,59.63999938964844,60.41999816894531,52.819942474365234,21839600.0
2020-06-05 00:00:00+00:00,60.970001220703125,62.36000061035156,60.90999984741211,61.189998626708984,53.49308776855469,22130000.0
2020-06-08 00:00:00+00:00,61.29999923706055,63.029998779296875,60.86000061035156,62.83000183105469,54.92680358886719,15959500.0
2020-06-09 00:00:00+00:00,62.2599983215332,62.290000915527344,60.88999938964844,61.56999969482422,53.825286865234375,18641800.0
2020-06-10 00:00:00+00:00,61.56999969482422,61.97999954223633,61.0099983215332,61.209999084472656,53.51057052612305,12526000.0
2020-06-11 00:00:00+00:00,60.15999984741211,60.33000183105469,58.38999938964844,58.81999969482422,51.42119598388672,34710200.0
2020-06-12 00:00:00+00:00,59.939998626708984,60.0099983215332,57.95000076293945,58.66999816894531,51.290061950683594,23202400.0
2020-06-15 00:00:00+00:00,57.630001068115234,59.5,57.130001068115234,59.06999969482422,51.6397590637207,16717000.0
2020-06-16 00:00:00+00:00,60.5,60.83000183105469,59.02000045776367,59.34000015258789,51.875789642333984,17113300.0
2020-06-17 00:00:00+00:00,59.59000015258789,59.599998474121094,58.59000015258789,59.15999984741211,51.71843338012695,12187200.0
2020-06-18 00:00:00+00:00,58.790000915527344,59.310001373291016,58.47999954223633,59.150001525878906,51.70969009399414,13253800.0
2020-06-19 00:00:00+00:00,59.619998931884766,59.869998931884766,57.400001525878906,57.4900016784668,50.25850296020508,29265800.0
2020-06-22 00:00:00+00:00,56.97999954223633,57.93000030517578,56.45000076293945,57.56999969482422,50.74861145019531,12953200.0
2020-06-23 00:00:00+00:00,58.15999984741211,58.22999954223633,56.83000183105469,56.9900016784668,50.23733901977539,12622200.0
2020-06-24 00:00:00+00:00,56.560001373291016,56.81999969482422,55.790000915527344,56.470001220703125,49.778961181640625,14269200.0
2020-06-25 00:00:00+00:00,56.349998474121094,56.380001068115234,55.119998931884766,55.77000045776367,49.161895751953125,21751200.0
2020-06-26 00:00:00+00:00,55.689998626708984,56.31999969482422,54.810001373291016,55.18000030517578,48.64180374145508,28731700.0
2020-06-29 00:00:00+00:00,55.619998931884766,56.25,55.029998779296875,56.220001220703125,49.55857467651367,14865300.0
2020-06-30 00:00:00+00:00,56.22999954223633,56.7400016784668,55.900001525878906,56.43000030517578,49.74369812011719,16871900.0
2020-07-01 00:00:00+00:00,56.47999954223633,58.0,56.380001068115234,57.75,50.907291412353516,19888700.0
2020-07-02 00:00:00+00:00,58.15999984741211,58.52000045776367,57.75,57.900001525878906,51.03951644897461,12147600.0
2020-07-03 00:00:00+00:00,,,,,,
2020-07-06 00:00:00+00:00,58.11000061035156,58.4900016784668,56.720001220703125,57.189998626708984,50.413639068603516,15387700.0
2020-07-07 00:00:00+00:00,56.560001373291016,57.16999816894531,56.290000915527344,56.959999084472656,50.21089553833008,11340500.0
2020-07-08 00:00:00+00:00,56.869998931884766,57.65999984741211,56.7599983215332,57.470001220703125,50.66046905517578,12179700.0
2020-07-09 00:00:00+00:00,57.189998626708984,57.220001220703125,55.90999984741211,56.70000076293945,49.981712341308594,17875200.0
2020-07-10 00:00:00+00:00,56.70000076293945,57.93000030517578,56.68000030517578,57.77000045776367,50.92491912841797,13583200.0
2020-07-13 00:00:00+00:00,57.77000045776367,58.400001525878906,57.560001373291016,57.83000183105469,50.977813720703125,17765800.0
2020-07-14 00:00:00+00:00,57.84000015258789,58.709999084472656,57.77000045776367,58.369998931884766,51.45383071899414,33947100.0
2020-07-15 00:00:00+00:00,58.91999816894531,59.349998474121094,58.029998779296875,58.13999938964844,51.25108337402344,13470200.0
2020-07-16 00:00:00+00:00,58.189998626708984,59.040000915527344,58.040000915527344,58.880001068115234,51.90339660644531,15063200.0
2020-07-17 00:00:00+00:00,59.20000076293945,60.369998931884766,59.150001525878906,60.209999084472656,53.0758056640625,22950800.0
2020-07-20 00:00:00+00:00,60.0,60.16999816894531,59.31999969482422,59.41999816894531,52.37940979003906,12127600.0
2020-07-21 00:00:00+00:00,59.56999969482422,60.380001068115234,59.380001068115234,59.689998626708984,52.6174201965332,15108000.0
2020-07-22 00:00:00+00:00,59.41999816894531,60.83000183105469,58.84000015258789,60.61000061035156,53.42840576171875,14847100.0
2020-07-23 00:00:00+00:00,60.59000015258789,61.11000061035156,60.31999969482422,60.68000030517578,53.49011993408203,19138700.0
2020-07-24 00:00:00+00:00,60.79999923706055,61.41999816894531,59.939998626708984,60.279998779296875,53.13751220703125,17698500.0
2020-07-27 00:00:00+00:00,60.29999923706055,60.34000015258789,59.119998931884766,59.54999923706055,52.4940071105957,11319300.0
2020-07-28 00:00:00+00:00,59.400001525878906,60.959999084472656,59.349998474121094,60.45000076293945,53.28737258911133,18896000.0
2020-07-29 00:00:00+00:00,60.560001373291016,60.88999938964844,60.279998779296875,60.72999954223633,53.53419494628906,9102800.0
2020-07-30 00:00:00+00:00,60.290000915527344,60.7400016784668,59.9900016784668,60.72999954223633,53.53419494628906,12737900.0
2020-07-31 00:00:00+00:00,60.56999969482422,60.9900016784668,59.97999954223633,60.83000183105469,53.622344970703125,12114000.0
2020-08-03 00:00:00+00:00,60.790000915527344,60.79999923706055,59.849998474121094,60.16999816894531,53.040550231933594,9651900.0
2020-08-04 00:00:00+00:00,60.130001068115234,61.099998474121094,59.97999954223633,60.83000183105469,53.622344970703125,20831800.0
2020-08-05 00:00:00+00:00,60.959999084472656,61.0,59.810001373291016,60.04999923706055,52.93477249145508,11829300.0
2020-08-06 00:00:00+00:00,59.9900016784668,60.5,59.68000030517578,60.400001525878906,53.2432975769043,13788000.0
2020-08-07 00:00:00+00:00,60.15999984741211,61.72999954223633,60.150001525878906,61.4900016784668,54.204139709472656,15471100.0
2020-08-10 00:00:00+00:00,61.689998626708984,61.95000076293945,61.27000045776367,61.470001220703125,54.1865119934082,10604300.0
2020-08-11 00:00:00+00:00,61.540000915527344,61.65999984741211,59.97999954223633,60.13999938964844,53.014102935791016,25498000.0
2020-08-12 00:00:00+00:00,60.31999969482422,61.41999816894531,60.29999923706055,61.0099983215332,53.7810173034668,17285300.0
2020-08-13 00:00:00+00:00,60.7599983215332,61.040000915527344,60.439998626708984,60.90999984741211,53.692867279052734,15813600.0
2020-08-14 00:00:00+00:00,60.779998779296875,60.86000061035156,60.220001220703125,60.380001068115234,53.22566604614258,8668300.0
2020-08-17 00:00:00+00:00,60.43000030517578,60.83000183105469,60.06999969482422,60.29999923706055,53.155147552490234,9510200.0
2020-08-18 00:00:00+00:00,60.2599983215332,60.5,59.720001220703125,60.029998779296875,52.91713333129883,12147300.0
2020-08-19 00:00:00+00:00,60.18000030517578,60.209999084472656,59.72999954223633,59.849998474121094,52.758460998535156,9021400.0
2020-08-20 00:00:00+00:00,59.61000061035156,59.90999984741211,59.15999984741211,59.31999969482422,52.291259765625,12966000.0
2020-08-21 00:00:00+00:00,59.369998931884766,59.529998779296875,58.81999969482422,59.41999816894531,52.37940979003906,9466700.0
2020-08-24 00:00:00+00:00,59.59000015258789,59.959999084472656,59.040000915527344,59.939998626708984,52.837799072265625,7492900.0
2020-08-25 00:00:00+00:00,60.04999923706055,60.060001373291016,59.16999816894531,59.369998931884766,52.33533477783203,11786600.0
2020-08-26 00:00:00+00:00,59.15999984741211,59.20000076293945,58.4900016784668,58.709999084472656,51.7535400390625,11664900.0
2020-08-27 00:00:00+00:00,58.880001068115234,59.31999969482422,58.540000915527344,58.900001525878906,51.9210205078125,19453600.0
2020-08-28 00:00:00+00:00,59.02000045776367,59.130001068115234,58.459999084472656,59.06999969482422,52.07088851928711,8497900.0
2020-08-31 00:00:00+00:00,58.97999954223633,59.61000061035156,58.970001220703125,59.25,52.22956085205078,9987800.0
2020-09-01 00:00:00+00:00,59.060001373291016,59.099998474121094,58.34000015258789,58.56999969482422,51.630126953125,13310200.0
2020-09-02 00:00:00+00:00,58.70000076293945,60.65999984741211,58.459999084472656,60.38999938964844,53.23447799682617,18649200.0
2020-09-03 00:00:00+00:00,60.40999984741211,61.040000915527344,59.150001525878906,59.709999084472656,52.63504409790039,19435700.0
2020-09-04 00:00:00+00:00,59.83000183105469,60.16999816894531,58.599998474121094,59.369998931884766,52.33533477783203,17896100.0
2020-09-07 00:00:00+00:00,,,,,,
2020-09-08 00:00:00+00:00,59.43000030517578,59.5,58.47999954223633,59.040000915527344,52.044437408447266,14495400.0
2020-09-09 00:00:00+00:00,59.47999954223633,60.59000015258789,59.41999816894531,59.81999969482422,52.732017517089844,15434700.0
2020-09-10 00:00:00+00:00,59.59000015258789,59.65999984741211,58.720001220703125,58.790000915527344,51.824058532714844,18140200.0
2020-09-11 00:00:00+00:00,58.91999816894531,59.119998931884766,58.470001220703125,58.93000030517578,51.94747543334961,12666300.0
2020-09-14 00:00:00+00:00,59.220001220703125,60.04999923706055,59.15999984741211,59.7400016784668,52.661502838134766,10463600.0
2020-09-15 00:00:00+00:00,60.349998474121094,61.029998779296875,59.81999969482422,60.13999938964844,53.014102935791016,11671300.0
2020-09-16 00:00:00+00:00,59.93000030517578,60.47999954223633,59.66999816894531,60.060001373291016,52.943580627441406,11541100.0
2020-09-17 00:00:00+00:00,59.68000030517578,59.900001525878906,59.099998474121094,59.56999969482422,52.51164245605469,11387700.0
2020-09-18 00:00:00+00:00,59.560001373291016,59.599998474121094,58.38999938964844,58.52000045776367,51.586055755615234,15984800.0
2020-09-21 00:00:00+00:00,57.599998474121094,57.93000030517578,56.90999984741211,57.65999984741211,51.26509094238281,15185600.0
2020-09-22 00:00:00+00:00,57.689998626708984,58.40999984741211,57.650001525878906,58.02000045776367,51.58515930175781,10623700.0
2020-09-23 00:00:00+00:00,58.09000015258789,58.189998626708984,57.08000183105469,57.130001068115234,50.79386901855469,10788200.0
2020-09-24 00:00:00+00:00,57.06999969482422,58.18000030517578,56.720001220703125,57.77000045776367,51.36288833618164,15664100.0
2020-09-25 00:00:00+00:00,57.52000045776367,58.779998779296875,57.310001373291016,58.720001220703125,52.207523345947266,11288000.0
2020-09-28 00:00:00+00:00,58.97999954223633,59.459999084472656,58.77000045776367,58.869998931884766,52.34089279174805,10179800.0
2020-09-29 00:00:00+00:00,59.04999923706055,59.45000076293945,58.58000183105469,58.849998474121094,52.32311248779297,9217900.0
2020-09-30 00:00:00+00:00,59.220001220703125,59.66999816894531,58.880001068115234,59.380001068115234,52.79433059692383,12104100.0
2020-10-01 00:00:00+00:00,59.529998779296875,60.130001068115234,59.40999984741211,59.97999954223633,53.32778549194336,13071000.0
2020-10-02 00:00:00+00:00,59.5,61.0,59.369998931884766,60.689998626708984,53.959041595458984,16945000.0
2020-10-05 00:00:00+00:00,60.849998474121094,61.619998931884766,60.439998626708984,61.45000076293945,54.63475799560547,11038400.0
2020-10-06 00:00:00+00:00,61.4900016784668,62.66999816894531,61.220001220703125,61.970001220703125,55.097084045410156,16388400.0
2020-10-07 00:00:00+00:00,62.290000915527344,62.61000061035156,61.88999938964844,62.349998474121094,55.4349365234375,12201800.0
2020-10-08 00:00:00+00:00,62.619998931884766,63.59000015258789,62.58000183105469,63.4900016784668,56.44849395751953,13617800.0
2020-10-09 00:00:00+00:00,63.84000015258789,63.869998931884766,63.04999923706055,63.47999954223633,56.43960189819336,8545600.0
2020-10-12 00:00:00+00:00,63.52000045776367,64.30999755859375,63.36000061035156,63.880001068115234,56.795249938964844,7485100.0
2020-10-13 00:00:00+00:00,63.439998626708984,63.61000061035156,62.72999954223633,63.439998626708984,56.40404510498047,10105200.0
2020-10-14 00:00:00+00:00,63.52000045776367,63.790000915527344,63.029998779296875,63.36000061035156,56.332923889160156,11169400.0
2020-10-15 00:00:00+00:00,62.7599983215332,63.66999816894531,62.599998474121094,63.31999969482422,56.297359466552734,9562000.0
2020-10-16 00:00:00+00:00,63.400001525878906,64.23999786376953,63.33000183105469,64.0,56.901939392089844,8040500.0
2020-10-19 00:00:00+00:00,63.970001220703125,64.30999755859375,63.279998779296875,63.459999084472656,56.42182159423828,13301500.0
2020-10-20 00:00:00+00:00,63.720001220703125,64.19000244140625,63.47999954223633,63.84000015258789,56.759681701660156,12489700.0
2020-10-21 00:00:00+00:00,63.70000076293945,64.08999633789062,63.4900016784668,63.66999816894531,56.60853958129883,7100000.0
2020-10-22 00:00:00+00:00,63.7599983215332,64.68000030517578,63.58000183105469,64.56999969482422,57.408721923828125,7606000.0
2020-10-23 00:00:00+00:00,64.88999938964844,65.0,64.38999938964844,64.75,57.568756103515625,7242500.0
2020-10-26 00:00:00+00:00,64.25,64.8499984741211,63.83000183105469,64.7300033569336,57.550968170166016,10381600.0
2020-10-27 00:00:00+00:00,64.8499984741211,65.33999633789062,64.37000274658203,64.68000030517578,57.50652313232422,9800900.0
2020-10-28 00:00:00+00:00,63.779998779296875,64.5999984741211,62.66999816894531,62.79999923706055,55.83502960205078,17013300.0
2020-10-29 00:00:00+00:00,62.56999969482422,63.7400016784668,61.7599983215332,62.970001220703125,55.98617172241211,14923900.0
2020-10-30 00:00:00+00:00,62.619998931884766,63.0099983215332,61.779998779296875,62.380001068115234,55.46160888671875,17412300.0
2020-11-02 00:00:00+00:00,63.22999954223633,63.84000015258789,62.599998474121094,63.75,56.67966842651367,14955900.0
2020-11-03 00:00:00+00:00,64.55000305175781,65.37000274658203,64.29000091552734,64.66999816894531,57.49762725830078,15078700.0
2020-11-04 00:00:00+00:00,64.29000091552734,65.29000091552734,63.630001068115234,63.70000076293945,56.63520812988281,18331100.0
2020-11-05 00:00:00+00:00,64.37000274658203,65.44000244140625,64.22000122070312,64.2699966430664,57.14199447631836,15762600.0
2020-11-06 00:00:00+00:00,64.30999755859375,64.87999725341797,63.959999084472656,64.12999725341797,57.017513275146484,9477700.0
2020-11-09 00:00:00+00:00,65.98999786376953,67.93000030517578,65.26000213623047,65.31999969482422,58.07554244995117,23036100.0
2020-11-10 00:00:00+00:00,65.66999816894531,66.44999694824219,65.4000015258789,66.26000213623047,58.91129684448242,15586000.0
2020-11-11 00:00:00+00:00,66.5999984741211,67.0999984741211,66.25,66.51000213623047,59.13356018066406,9729500.0
2020-11-12 00:00:00+00:00,66.12000274658203,66.2699966430664,64.93000030517578,65.44000244140625,58.1822395324707,26510100.0
2020-11-13 00:00:00+00:00,65.76000213623047,66.2699966430664,65.63999938964844,66.08999633789062,58.760135650634766,13162400.0
2020-11-16 00:00:00+00:00,66.91000366210938,66.94999694824219,65.97000122070312,66.76000213623047,59.355838775634766,13687500.0
2020-11-17 00:00:00+00:00,66.33000183105469,66.6500015258789,65.3499984741211,65.44999694824219,58.19111633300781,8405600.0
2020-11-18 00:00:00+00:00,65.79000091552734,65.87000274658203,64.1500015258789,64.16999816894531,57.053077697753906,12790700.0
2020-11-19 00:00:00+00:00,64.0999984741211,64.1500015258789,63.08000183105469,63.529998779296875,56.48406219482422,13498100.0
2020-11-20 00:00:00+00:00,63.41999816894531,63.97999954223633,63.220001220703125,63.540000915527344,56.492958068847656,9316100.0
2020-11-23 00:00:00+00:00,63.790000915527344,63.90999984741211,63.2599983215332,63.54999923706055,56.50185012817383,8465300.0
2020-11-24 00:00:00+00:00,64.05999755859375,64.38999938964844,63.7400016784668,64.2300033569336,57.10643768310547,10903500.0
2020-11-25 00:00:00+00:00,64.1500015258789,64.41999816894531,63.59000015258789,64.4000015258789,57.2575798034668,11492600.0
2020-11-26 00:00:00+00:00,,,,,,
2020-11-27 00:00:00+00:00,64.37999725341797,64.44000244140625,63.5,63.7599983215332,56.688560485839844,6036600.0
2020-11-30 00:00:00+00:00,63.58000183105469,63.619998931884766,62.59000015258789,62.84000015258789,55.87059020996094,13444700.0
2020-12-01 00:00:00+00:00,63.310001373291016,64.16999816894531,63.2400016784668,63.279998779296875,56.26179504394531,15087400.0
2020-12-02 00:00:00+00:00,62.97999954223633,63.72999954223633,62.58000183105469,63.70000076293945,56.63520812988281,12198800.0
2020-12-03 00:00:00+00:00,63.599998474121094,63.65999984741211,62.869998931884766,63.040000915527344,56.04840850830078,9376800.0
2020-12-04 00:00:00+00:00,63.099998474121094,63.25,62.060001373291016,62.40999984741211,55.488277435302734,10502500.0
2020-12-07 00:00:00+00:00,62.20000076293945,63.06999969482422,62.189998626708984,62.7599983215332,55.799461364746094,8695700.0
2020-12-08 00:00:00+00:00,62.349998474121094,62.97999954223633,62.09000015258789,62.56999969482422,55.63053894042969,10502700.0
2020-12-09 00:00:00+00:00,62.619998931884766,62.720001220703125,62.040000915527344,62.459999084472656,55.53273010253906,11484900.0
2020-12-10 00:00:00+00:00,62.43000030517578,62.630001068115234,61.849998474121094,62.13999938964844,55.24822998046875,10801400.0
2020-12-11 00:00:00+00:00,61.880001068115234,62.31999969482422,61.81999969482422,62.2400016784668,55.33713150024414,6675700.0
2020-12-14 00:00:00+00:00,62.68000030517578,63.20000076293945,61.86000061035156,61.91999816894531,55.0526237487793,13604400.0
2020-12-15 00:00:00+00:00,62.209999084472656,63.29999923706055,61.900001525878906,63.13999938964844,56.1373176574707,11178600.0
2020-12-16 00:00:00+00:00,63.2599983215332,63.58000183105469,62.33000183105469,62.40999984741211,55.488277435302734,12156400.0
2020-12-17 00:00:00+00:00,62.630001068115234,63.290000915527344,62.619998931884766,62.83000183105469,55.8617057800293,12694900.0
2020-12-18 00:00:00+00:00,62.84000015258789,63.06999969482422,61.9900016784668,62.290000915527344,55.381591796875,10438700.0
2020-12-21 00:00:00+00:00,61.279998779296875,61.279998779296875,60.31999969482422,61.02000045776367,54.710933685302734,13957700.0
2020-12-22 00:00:00+00:00,61.0,61.15999984741211,60.720001220703125,60.900001525878906,54.603336334228516,12088500.0
2020-12-23 00:00:00+00:00,61.189998626708984,61.66999816894531,60.77000045776367,60.779998779296875,54.49574279785156,5771700.0
2020-12-24 00:00:00+00:00,60.90999984741211,61.2400016784668,60.58000183105469,61.209999084472656,54.881282806396484,3636200.0
2020-12-25 00:00:00+00:00,,,,,,
2020-12-28 00:00:00+00:00,61.529998779296875,61.880001068115234,61.25,61.47999954223633,55.12336349487305,5869500.0
2020-12-29 00:00:00+00:00,61.630001068115234,61.91999816894531,61.29999923706055,61.470001220703125,55.114402770996094,7582500.0
2020-12-30 00:00:00+00:00,61.5099983215332,61.97999954223633,61.40999984741211,61.779998779296875,55.392356872558594,5923600.0
2020-12-31 00:00:00+00:00,61.790000915527344,62.790000915527344,61.630001068115234,62.70000076293945,56.21723175048828,9092000.0
2021-01-01 00:00:00+00:00,,,,,,
2021-01-04 00:00:00+00:00,62.810001373291016,62.810001373291016,60.77000045776367,61.119998931884766,54.800594329833984,12630300.0
2021-01-05 00:00:00+00:00,61.25,61.43000030517578,60.61000061035156,61.11000061035156,54.79161834716797,8333300.0
2021-01-06 00:00:00+00:00,61.459999084472656,63.040000915527344,61.31999969482422,62.630001068115234,56.15446853637695,17980900.0
2021-01-07 00:00:00+00:00,62.970001220703125,63.09000015258789,61.75,61.810001373291016,55.419246673583984,12379400.0
2021-01-08 00:00:00+00:00,61.88999938964844,62.459999084472656,61.779998779296875,62.33000183105469,55.8854866027832,13465300.0
2021-01-11 00:00:00+00:00,62.099998474121094,62.349998474121094,61.290000915527344,61.75,55.365455627441406,8328600.0
2021-01-12 00:00:00+00:00,61.650001525878906,61.86000061035156,60.68000030517578,61.41999816894531,55.06957244873047,12309500.0
2021-01-13 00:00:00+00:00,61.61000061035156,62.81999969482422,61.5,62.619998931884766,56.145503997802734,13343700.0
2021-01-14 00:00:00+00:00,62.63999938964844,62.689998626708984,62.02000045776367,62.380001068115234,55.93031692504883,13033500.0
2021-01-15 00:00:00+00:00,62.25,63.18000030517578,62.02000045776367,62.9900016784668,56.47724533081055,13782400.0
2021-01-18 00:00:00+00:00,,,,,,
2021-01-19 00:00:00+00:00,63.33000183105469,63.38999938964844,62.65999984741211,62.75,56.262062072753906,9496600.0
2021-01-20 00:00:00+00:00,62.72999954223633,63.400001525878906,62.36000061035156,63.119998931884766,56.59380340576172,22398100.0
2021-01-21 00:00:00+00:00,62.970001220703125,63.099998474121094,62.63999938964844,62.75,56.262062072753906,6987800.0
2021-01-22 00:00:00+00:00,62.56999969482422,63.04999923706055,62.33000183105469,62.84000015258789,56.34275436401367,9380000.0
2021-01-25 00:00:00+00:00,62.619998931884766,64.19000244140625,62.54999923706055,64.0999984741211,57.47248077392578,18924300.0
2021-01-26 00:00:00+00:00,64.01000213623047,64.08000183105469,63.20000076293945,63.459999084472656,56.898651123046875,9736800.0
2021-01-27 00:00:00+00:00,62.95000076293945,63.41999816894531,61.470001220703125,61.75,55.365455627441406,19643700.0
2021-01-28 00:00:00+00:00,61.959999084472656,63.439998626708984,61.79999923706055,62.4900016784668,56.02893829345703,12732900.0
2021-01-29 00:00:00+00:00,62.16999816894531,62.779998779296875,61.7599983215332,62.150001525878906,55.72409439086914,13880300.0
2021-02-01 00:00:00+00:00,62.54999923706055,63.0099983215332,61.93000030517578,62.45000076293945,55.993072509765625,8054700.0
2021-02-02 00:00:00+00:00,62.65999984741211,63.93000030517578,62.400001525878906,62.959999084472656,56.45034408569336,14349300.0
2021-02-03 00:00:00+00:00,62.88999938964844,63.18000030517578,62.619998931884766,62.7599983215332,56.27102279663086,8133400.0
2021-02-04 00:00:00+00:00,62.72999954223633,63.34000015258789,62.54999923706055,63.25,56.710365295410156,11351100.0
2021-02-05 00:00:00+00:00,63.529998779296875,63.939998626708984,63.27000045776367,63.59000015258789,57.01519775390625,5960000.0
2021-02-08 00:00:00+00:00,63.72999954223633,63.75,62.86000061035156,63.099998474121094,56.575870513916016,10765700.0
2021-02-09 00:00:00+00:00,63.209999084472656,63.41999816894531,62.66999816894531,63.189998626708984,56.65656661987305,6193400.0
2021-02-10 00:00:00+00:00,63.560001373291016,63.70000076293945,63.0099983215332,63.439998626708984,56.880706787109375,9810600.0
2021-02-11 00:00:00+00:00,63.40999984741211,63.619998931884766,62.97999954223633,63.08000183105469,56.55793762207031,8711300.0
2021-02-12 00:00:00+00:00,62.88999938964844,63.18000030517578,62.290000915527344,62.619998931884766,56.145503997802734,10108000.0
2021-02-15 00:00:00+00:00,,,,,,
2021-02-16 00:00:00+00:00,62.54999923706055,62.630001068115234,61.83000183105469,61.91999816894531,55.51786804199219,15861600.0
2021-02-17 00:00:00+00:00,61.9900016784668,62.08000183105469,61.54999923706055,61.970001220703125,55.562705993652344,10179100.0
2021-02-18 00:00:00+00:00,61.869998931884766,62.61000061035156,61.869998931884766,62.34000015258789,55.89445114135742,7709800.0
2021-02-19 00:00:00+00:00,62.349998474121094,62.380001068115234,61.36000061035156,61.40999984741211,55.06060791015625,8967700.0
2021-02-22 00:00:00+00:00,61.2400016784668,61.310001373291016,59.63999938964844,60.209999084472656,53.984676361083984,17801400.0
2021-02-23 00:00:00+00:00,60.45000076293945,60.91999816894531,60.13999938964844,60.709999084472656,54.432979583740234,13106600.0
2021-02-24 00:00:00+00:00,60.560001373291016,60.66999816894531,59.939998626708984,60.0,53.796390533447266,11836800.0
2021-02-25 00:00:00+00:00,59.880001068115234,60.16999816894531,59.16999816894531,59.459999084472656,53.31222915649414,15680200.0
2021-02-26 00:00:00+00:00,59.65999984741211,60.029998779296875,58.34000015258789,58.36000061035156,52.325950622558594,19007400.0
2021-03-01 00:00:00+00:00,59.099998474121094,60.31999969482422,59.09000015258789,59.650001525878906,53.48258590698242,15713700.0
2021-03-02 00:00:00+00:00,59.7400016784668,59.900001525878906,59.13999938964844,59.470001220703125,53.32118606567383,14653100.0
2021-03-03 00:00:00+00:00,59.380001068115234,59.380001068115234,58.27000045776367,58.77000045776367,52.69356155395508,22924900.0
2021-03-04 00:00:00+00:00,58.810001373291016,59.81999969482422,58.400001525878906,58.720001220703125,52.648738861083984,22086300.0
2021-03-05 00:00:00+00:00,58.970001220703125,59.959999084472656,58.45000076293945,59.68000030517578,53.50947952270508,16803300.0
2021-03-08 00:00:00+00:00,59.849998474121094,61.04999923706055,59.689998626708984,60.52000045776367,54.26262664794922,19211900.0
2021-03-09 00:00:00+00:00,60.849998474121094,61.52000045776367,60.77000045776367,61.31999969482422,54.97990798950195,11112200.0
2021-03-10 00:00:00+00:00,61.29999923706055,61.93000030517578,61.130001068115234,61.7400016784668,55.35648727416992,13710600.0
2021-03-11 00:00:00+00:00,61.630001068115234,62.36000061035156,61.54999923706055,61.58000183105469,55.213035583496094,8584400.0
2021-03-12 00:00:00+00:00,61.849998474121094,62.599998474121094,61.560001373291016,62.40999984741211,55.957218170166016,10021900.0
2021-03-15 00:00:00+00:00,62.5,63.369998931884766,62.5,63.209999084472656,56.67449951171875,12208600.0
2021-03-16 00:00:00+00:00,63.060001373291016,63.45000076293945,62.88999938964844,63.290000915527344,56.7462272644043,14621700.0
2021-03-17 00:00:00+00:00,63.2400016784668,63.25,62.20000076293945,62.2599983215332,55.822715759277344,17203500.0
2021-03-18 00:00:00+00:00,62.20000076293945,62.45000076293945,61.599998474121094,62.029998779296875,55.61650085449219,14813800.0
2021-03-19 00:00:00+00:00,62.04999923706055,62.7400016784668,61.38999938964844,62.20000076293945,55.76892852783203,19356300.0
2021-03-22 00:00:00+00:00,61.599998474121094,61.93000030517578,61.209999084472656,61.650001525878906,55.68852615356445,12820500.0
2021-03-23 00:00:00+00:00,61.630001068115234,62.810001373291016,61.5,62.56999969482422,56.51957321166992,13058600.0
2021-03-24 00:00:00+00:00,62.369998931884766,63.040000915527344,62.150001525878906,62.59000015258789,56.537628173828125,11029200.0
2021-03-25 00:00:00+00:00,62.790000915527344,63.470001220703125,62.5099983215332,63.2599983215332,57.142845153808594,14154800.0
2021-03-26 00:00:00+00:00,63.25,63.529998779296875,62.63999938964844,63.470001220703125,57.332542419433594,10385100.0
2021-03-29 00:00:00+00:00,63.34000015258789,64.44999694824219,63.310001373291016,64.1500015258789,57.94678497314453,16387800.0
2021-03-30 00:00:00+00:00,63.95000076293945,63.95000076293945,63.099998474121094,63.56999969482422,57.422874450683594,11055600.0
2021-03-31 00:00:00+00:00,63.599998474121094,64.16000366210938,63.470001220703125,64.04000091552734,57.84741973876953,11129600.0
2021-04-01 00:00:00+00:00,63.939998626708984,64.08999633789062,63.54999923706055,63.97999954223633,57.7932243347168,10523300.0
2021-04-02 00:00:00+00:00,,,,,,
2021-04-05 00:00:00+00:00,64.20999908447266,65.08999633789062,64.1500015258789,64.68000030517578,58.425540924072266,14644100.0
2021-04-06 00:00:00+00:00,64.61000061035156,65.02999877929688,64.13999938964844,65.0199966430664,58.7326545715332,8629300.0
2021-04-07 00:00:00+00:00,64.97000122070312,65.29000091552734,64.61000061035156,64.94000244140625,58.66040802001953,7899200.0
2021-04-08 00:00:00+00:00,65.11000061035156,65.30999755859375,64.75,64.88999938964844,58.615230560302734,9954900.0
2021-04-09 00:00:00+00:00,64.94999694824219,65.22000122070312,64.69000244140625,64.81999969482422,58.551998138427734,7875600.0
2021-04-12 00:00:00+00:00,64.83000183105469,65.33999633789062,64.66000366210938,64.87999725341797,58.60619354248047,7100700.0
2021-04-13 00:00:00+00:00,64.62000274658203,65.7699966430664,64.5,65.6500015258789,59.30173110961914,9125400.0
2021-04-14 00:00:00+00:00,65.48999786376953,65.94000244140625,65.31999969482422,65.94000244140625,59.56370544433594,7562700.0
2021-04-15 00:00:00+00:00,65.94999694824219,66.69999694824219,65.91000366210938,66.66999816894531,60.22311019897461,11931700.0
2021-04-16 00:00:00+00:00,66.91999816894531,67.47000122070312,66.77999877929688,67.20999908447266,60.71089172363281,11188000.0
2021-04-19 00:00:00+00:00,67.25,67.36000061035156,66.70999908447266,66.87000274658203,60.40378189086914,10751700.0
2021-04-20 00:00:00+00:00,66.87000274658203,67.88999938964844,66.83000183105469,67.72000122070312,61.17156982421875,14774400.0
2021-04-21 00:00:00+00:00,67.79000091552734,68.05000305175781,66.9000015258789,67.1500015258789,60.65668869018555,9615100.0
2021-04-22 00:00:00+00:00,67.0999984741211,67.33000183105469,66.61000061035156,66.66999816894531,60.22311019897461,8991800.0
2021-04-23 00:00:00+00:00,66.69999694824219,66.91999816894531,66.41000366210938,66.58000183105469,60.141815185546875,8440800.0
2021-04-26 00:00:00+00:00,66.61000061035156,66.6500015258789,66.0,66.19999694824219,59.798545837402344,6289200.0
2021-04-27 00:00:00+00:00,66.0999984741211,66.12999725341797,65.58000183105469,65.69000244140625,59.33787536621094,10471000.0
2021-04-28 00:00:00+00:00,65.72000122070312,65.9000015258789,65.29000091552734,65.5999984741211,59.25657653808594,7579100.0
2021-04-29 00:00:00+00:00,65.5999984741211,66.23999786376953,65.5999984741211,66.19999694824219,59.798545837402344,9611800.0
2021-04-30 00:00:00+00:00,66.33999633789062,66.73999786376953,65.94000244140625,66.72000122070312,60.26826477050781,10242300.0
2021-05-03 00:00:00+00:00,66.87000274658203,67.33000183105469,66.5999984741211,66.70999908447266,60.25923156738281,10772000.0
2021-05-04 00:00:00+00:00,66.63999938964844,66.76000213623047,66.0199966430664,66.45999908447266,60.033416748046875,11722800.0
2021-05-05 00:00:00+00:00,66.45999908447266,66.45999908447266,64.97000122070312,65.33999633789062,59.02170944213867,11781400.0
2021-05-06 00:00:00+00:00,65.5199966430664,65.9000015258789,65.08000183105469,65.83999633789062,59.473365783691406,11652700.0
2021-05-07 00:00:00+00:00,65.80000305175781,66.54000091552734,65.77999877929688,66.04000091552734,59.65402603149414,9055400.0
2021-05-10 00:00:00+00:00,66.18000030517578,67.37999725341797,66.18000030517578,66.70999908447266,60.25923156738281,13221000.0
2021-05-11 00:00:00+00:00,66.63999938964844,66.7300033569336,65.43000030517578,65.88999938964844,59.518524169921875,14105000.0
2021-05-12 00:00:00+00:00,65.81999969482422,65.81999969482422,64.31999969482422,64.3499984741211,58.12744903564453,14776900.0
2021-05-13 00:00:00+00:00,64.41999816894531,65.9800033569336,64.37000274658203,65.58999633789062,59.247535705566406,14111400.0
2021-05-14 00:00:00+00:00,65.75,66.33000183105469,65.75,65.91000366210938,59.53660202026367,9455300.0
2021-05-17 00:00:00+00:00,65.87999725341797,66.26000213623047,65.2699966430664,65.37000274658203,59.0488166809082,12562000.0
2021-05-18 00:00:00+00:00,65.2300033569336,65.58000183105469,65.05999755859375,65.36000061035156,59.0397834777832,9766200.0
2021-05-19 00:00:00+00:00,65.05000305175781,65.30999755859375,64.48999786376953,65.25,58.94042205810547,13119000.0
2021-05-20 00:00:00+00:00,65.37000274658203,66.22000122070312,65.3499984741211,65.81999969482422,59.455299377441406,12839800.0
2021-05-21 00:00:00+00:00,65.9800033569336,66.41000366210938,65.69000244140625,66.16000366210938,59.76243209838867,10243900.0
2021-05-24 00:00:00+00:00,66.4800033569336,66.58999633789062,66.0,66.04000091552734,59.65402603149414,9671500.0
2021-05-25 00:00:00+00:00,66.11000061035156,66.11000061035156,65.08999633789062,65.23999786376953,58.93138122558594,10213700.0
2021-05-26 00:00:00+00:00,65.27999877929688,65.52999877929688,65.05999755859375,65.25,58.94042205810547,8420800.0
2021-05-27 00:00:00+00:00,65.4800033569336,65.4800033569336,64.79000091552734,64.80999755859375,58.54296112060547,8498100.0
2021-05-28 00:00:00+00:00,65.19999694824219,65.4000015258789,64.95999908447266,65.16000366210938,58.859130859375,9782500.0
2021-05-31 00:00:00+00:00,,,,,,
2021-06-01 00:00:00+00:00,65.30999755859375,65.45999908447266,64.61000061035156,64.76000213623047,58.497806549072266,11026100.0
2021-06-02 00:00:00+00:00,64.86000061035156,65.45999908447266,64.5999984741211,65.0999984741211,58.8049201965332,10245700.0
2021-06-03 00:00:00+00:00,64.80000305175781,65.69999694824219,64.58000183105469,65.48999786376953,59.15720748901367,11853600.0
2021-06-04 00:00:00+00:00,65.66000366210938,65.76000213623047,65.30999755859375,65.38999938964844,59.06687927246094,7234800.0
2021-06-07 00:00:00+00:00,65.44999694824219,65.61000061035156,65.33999633789062,65.51000213623047,59.17528533935547,6911200.0
2021-06-08 00:00:00+00:00,65.6500015258789,65.69999694824219,64.66999816894531,64.94999694824219,58.66941833496094,9181800.0
2021-06-09 00:00:00+00:00,65.11000061035156,65.6500015258789,64.97000122070312,65.52999877929688,59.19334411621094,9380400.0
2021-06-10 00:00:00+00:00,65.58000183105469,66.02999877929688,65.41999816894531,65.95999908447266,59.581756591796875,8327200.0
2021-06-11 00:00:00+00:00,65.95999908447266,66.16000366210938,65.6500015258789,66.11000061035156,59.717262268066406,9099200.0
2021-06-14 00:00:00+00:00,66.12000274658203,66.41999816894531,65.8499984741211,66.25,59.84372329711914,6866500.0
2021-06-15 00:00:00+00:00,66.33000183105469,66.80999755859375,66.13999938964844,66.44999694824219,60.02436828613281,16390500.0
2021-06-16 00:00:00+00:00,66.62000274658203,66.86000061035156,65.41999816894531,65.44999694824219,59.121070861816406,23138800.0
2021-06-17 00:00:00+00:00,65.4000015258789,66.16999816894531,65.20999908447266,65.80999755859375,59.446266174316406,12854400.0
2021-06-18 00:00:00+00:00,65.43000030517578,65.4800033569336,64.0,64.0999984741211,57.90161895751953,18039900.0
2021-06-21 00:00:00+00:00,63.810001373291016,64.58999633789062,63.45000076293945,64.43000030517578,58.65172576904297,13943300.0
2021-06-22 00:00:00+00:00,64.43000030517578,64.62000274658203,64.01000213623047,64.04000091552734,58.296695709228516,8304300.0
2021-06-23 00:00:00+00:00,64.0,64.0,63.16999816894531,63.36000061035156,57.67768478393555,12833200.0
2021-06-24 00:00:00+00:00,63.439998626708984,63.459999084472656,63.02000045776367,63.29999923706055,57.6230583190918,7607900.0
2021-06-25 00:00:00+00:00,63.33000183105469,64.02999877929688,63.2599983215332,63.97999954223633,58.24207305908203,9136800.0
2021-06-28 00:00:00+00:00,64.23999786376953,64.70999908447266,64.1500015258789,64.38999938964844,58.61531066894531,8367600.0
2021-06-29 00:00:00+00:00,64.19000244140625,64.56999969482422,63.15999984741211,63.349998474121094,57.668582916259766,12344000.0
2021-06-30 00:00:00+00:00,63.29999923706055,63.540000915527344,62.9900016784668,63.22999954223633,57.55934524536133,9538700.0
2021-07-01 00:00:00+00:00,63.349998474121094,64.13999938964844,63.099998474121094,63.91999816894531,58.18745422363281,11496600.0
2021-07-02 00:00:00+00:00,64.08999633789062,64.08999633789062,63.70000076293945,64.0199966430664,58.27848815917969,9314700.0
2021-07-05 00:00:00+00:00,,,,,,
2021-07-06 00:00:00+00:00,64.01000213623047,64.33000183105469,63.279998779296875,64.29000091552734,58.52427673339844,9078200.0
2021-07-07 00:00:00+00:00,64.31999969482422,64.72000122070312,63.959999084472656,64.70999908447266,58.906612396240234,12099600.0
2021-07-08 00:00:00+00:00,64.3499984741211,64.91000366210938,64.25,64.5199966430664,58.73365020751953,10256500.0
2021-07-09 00:00:00+00:00,64.61000061035156,64.77999877929688,64.06999969482422,64.5999984741211,58.80647277832031,10742100.0
2021-07-12 00:00:00+00:00,64.52999877929688,64.86000061035156,64.22000122070312,64.80999755859375,58.99763870239258,8661500.0
2021-07-13 00:00:00+00:00,64.69999694824219,64.91000366210938,64.08999633789062,64.31999969482422,58.55158233642578,11246600.0
2021-07-14 00:00:00+00:00,64.33999633789062,65.16000366210938,64.04000091552734,64.87999725341797,59.061363220214844,10360000.0
2021-07-15 00:00:00+00:00,64.66000366210938,65.66000366210938,64.63999938964844,65.61000061035156,59.72590255737305,14287300.0
2021-07-16 00:00:00+00:00,65.68000030517578,66.61000061035156,65.61000061035156,66.2699966430664,60.32670211791992,16553300.0
2021-07-19 00:00:00+00:00,66.0,66.52999877929688,64.4800033569336,65.22000122070312,59.370880126953125,22792500.0
2021-07-20 00:00:00+00:00,65.27999877929688,66.16000366210938,65.27999877929688,65.5,59.62575912475586,16889600.0
2021-07-21 00:00:00+00:00,65.54000091552734,65.69000244140625,64.7300033569336,64.77999877929688,58.970333099365234,11228400.0
2021-07-22 00:00:00+00:00,64.8499984741211,65.16999816894531,64.66999816894531,64.87999725341797,59.061363220214844,11437700.0
2021-07-23 00:00:00+00:00,65.04000091552734,65.7699966430664,64.91999816894531,65.70999908447266,59.81692886352539,8108400.0
2021-07-26 00:00:00+00:00,65.58000183105469,65.93000030517578,65.2699966430664,65.7300033569336,59.83513259887695,8968400.0
2021-07-27 00:00:00+00:00,65.68000030517578,66.97000122070312,65.30000305175781,66.86000061035156,60.86378860473633,17142900.0
2021-07-28 00:00:00+00:00,66.83000183105469,66.94999694824219,65.86000061035156,66.3499984741211,60.39952087402344,12474100.0
2021-07-29 00:00:00+00:00,66.47000122070312,66.72000122070312,66.1500015258789,66.52999877929688,60.563385009765625,15123900.0
2021-07-30 00:00:00+00:00,66.48999786376953,67.05000305175781,65.81999969482422,65.97000122070312,60.053611755371094,12632600.0
2021-08-02 00:00:00+00:00,66.12000274658203,66.72000122070312,66.04000091552734,66.4800033569336,60.51787185668945,11782100.0
2021-08-03 00:00:00+00:00,66.58000183105469,67.16999816894531,66.2699966430664,66.86000061035156,60.86378860473633,12997200.0
2021-08-04 00:00:00+00:00,66.58999633789062,66.83999633789062,65.93000030517578,66.76000213623047,60.77275848388672,16189000.0
2021-08-05 00:00:00+00:00,66.8499984741211,67.58000183105469,66.68000030517578,67.48999786376953,61.43729019165039,15895400.0
2021-08-06 00:00:00+00:00,67.41999816894531,67.94000244140625,67.26000213623047,67.44999694824219,61.40087890625,10000400.0
2021-08-09 00:00:00+00:00,67.5,67.68000030517578,67.05999755859375,67.43000030517578,61.3826789855957,8432600.0
2021-08-10 00:00:00+00:00,67.48999786376953,67.7300033569336,67.19000244140625,67.5,61.44639205932617,7917100.0
2021-08-11 00:00:00+00:00,67.6500015258789,68.44000244140625,67.6500015258789,68.12999725341797,62.01988983154297,9244400.0
2021-08-12 00:00:00+00:00,68.01000213623047,68.44000244140625,67.9800033569336,68.19999694824219,62.08362579345703,9460100.0
2021-08-13 00:00:00+00:00,68.33999633789062,68.76000213623047,68.19999694824219,68.68000030517578,62.52057647705078,11790400.0
2021-08-16 00:00:00+00:00,68.68000030517578,69.58999633789062,68.61000061035156,69.0999984741211,62.902896881103516,12898300.0
2021-08-17 00:00:00+00:00,68.91000366210938,69.1500015258789,68.44999694824219,69.13999938964844,62.93931579589844,11518600.0
2021-08-18 00:00:00+00:00,69.12999725341797,69.27999877929688,68.55999755859375,68.79000091552734,62.6207160949707,15705600.0
2021-08-19 00:00:00+00:00,68.81999969482422,69.62999725341797,68.75,69.06999969482422,62.875587463378906,13861500.0
2021-08-20 00:00:00+00:00,68.94999694824219,69.9800033569336,68.58999633789062,69.93000030517578,63.65846633911133,11790800.0
2021-08-23 00:00:00+00:00,69.87999725341797,69.9000015258789,68.9000015258789,69.02999877929688,62.839176177978516,10915400.0
2021-08-24 00:00:00+00:00,69.0,69.05999755859375,68.12000274658203,68.58000183105469,62.42953109741211,12665500.0
2021-08-25 00:00:00+00:00,68.56999969482422,68.93000030517578,68.18000030517578,68.70999908447266,62.54787826538086,8164900.0
2021-08-26 00:00:00+00:00,68.70999908447266,68.73999786376953,68.38999938964844,68.54000091552734,62.39312744140625,8315900.0
2021-08-27 00:00:00+00:00,68.61000061035156,68.83000183105469,68.38999938964844,68.5199966430664,62.374916076660156,10502500.0
2021-08-30 00:00:00+00:00,68.5,68.81999969482422,68.2699966430664,68.62000274658203,62.46595001220703,11845700.0
2021-08-31 00:00:00+00:00,68.58999633789062,68.93000030517578,68.25,68.54000091552734,62.39312744140625,11290100.0
2021-09-01 00:00:00+00:00,68.7300033569336,69.66999816894531,68.63999938964844,69.44000244140625,63.212406158447266,13333700.0
2021-09-02 00:00:00+00:00,69.58999633789062,70.06999969482422,69.5199966430664,70.06999969482422,63.78591537475586,10299400.0
2021-09-03 00:00:00+00:00,69.86000061035156,69.95999908447266,69.31999969482422,69.48999786376953,63.257911682128906,9471000.0
2021-09-06 00:00:00+00:00,,,,,,
2021-09-07 00:00:00+00:00,69.43000030517578,69.44000244140625,68.44999694824219,68.56999969482422,62.42043685913086,13145100.0
2021-09-08 00:00:00+00:00,68.52999877929688,69.98999786376953,68.37000274658203,69.80000305175781,63.54013442993164,14588100.0
2021-09-09 00:00:00+00:00,69.58000183105469,69.83000183105469,69.36000061035156,69.41999816894531,63.194210052490234,8177500.0
2021-09-10 00:00:00+00:00,69.37000274658203,69.44999694824219,68.43000030517578,68.44999694824219,62.31118392944336,12327200.0
2021-09-13 00:00:00+00:00,69.02999877929688,69.11000061035156,68.12999725341797,68.33000183105469,62.201969146728516,13118200.0
2021-09-14 00:00:00+00:00,68.55000305175781,68.7699966430664,67.93000030517578,68.0999984741211,61.99258804321289,14051600.0
2021-09-15 00:00:00+00:00,68.0,68.45999908447266,67.62999725341797,68.01000213623047,61.9106559753418,9906400.0
2021-09-16 00:00:00+00:00,68.0,68.27999877929688,67.33999633789062,67.44000244140625,61.391780853271484,15732000.0
2021-09-17 00:00:00+00:00,67.30000305175781,67.66000366210938,66.33999633789062,66.4000015258789,60.44505310058594,12554000.0
2021-09-20 00:00:00+00:00,65.76000213623047,66.36000061035156,65.05999755859375,65.77999877929688,60.33406448364258,22839300.0
2021-09-21 00:00:00+00:00,65.97000122070312,66.41999816894531,65.55999755859375,65.5999984741211,60.168968200683594,13208800.0
2021-09-22 00:00:00+00:00,65.83999633789062,66.08999633789062,65.30999755859375,65.55999755859375,60.13227462768555,12393800.0
2021-09-23 00:00:00+00:00,65.55999755859375,66.05000305175781,65.1500015258789,65.20999908447266,59.81125259399414,9666600.0
2021-09-24 00:00:00+00:00,65.19999694824219,65.62999725341797,64.9800033569336,65.13999938964844,59.74705123901367,11830100.0
2021-09-27 00:00:00+00:00,65.02999877929688,65.69000244140625,64.27999877929688,64.37000274658203,59.04080581665039,10891700.0
2021-09-28 00:00:00+00:00,64.30999755859375,64.41000366210938,63.369998931884766,63.560001373291016,58.2978630065918,20235800.0
2021-09-29 00:00:00+00:00,63.75,64.83999633789062,63.58000183105469,64.38999938964844,59.05914306640625,15433800.0
2021-09-30 00:00:00+00:00,64.62999725341797,64.66999816894531,63.790000915527344,63.880001068115234,58.591365814208984,13571300.0
2021-10-01 00:00:00+00:00,64.2699966430664,64.38999938964844,63.65999984741211,63.880001068115234,58.591365814208984,14500600.0
2021-10-04 00:00:00+00:00,63.810001373291016,64.94000244140625,63.779998779296875,64.76000213623047,59.39851379394531,20201300.0
2021-10-05 00:00:00+00:00,64.83999633789062,65.06999969482422,64.5199966430664,64.5999984741211,59.25175857543945,13065200.0
2021-10-06 00:00:00+00:00,64.4000015258789,65.6500015258789,64.0199966430664,65.5999984741211,60.168968200683594,16576200.0
2021-10-07 00:00:00+00:00,65.72000122070312,66.23999786376953,65.18000030517578,65.25,59.84794235229492,13770100.0
2021-10-08 00:00:00+00:00,65.23999786376953,65.37000274658203,64.72000122070312,64.7699966430664,59.407684326171875,8897900.0
2021-10-11 00:00:00+00:00,64.5,64.62999725341797,63.79999923706055,63.88999938964844,58.60053253173828,12710100.0
2021-10-12 00:00:00+00:00,63.97999954223633,64.51000213623047,63.810001373291016,64.31999969482422,58.99494171142578,10498000.0
2021-10-13 00:00:00+00:00,64.33999633789062,65.12000274658203,64.0,65.06999969482422,59.6828498840332,13102700.0
2021-10-14 00:00:00+00:00,65.29000091552734,66.0,65.12999725341797,65.87000274658203,60.41661834716797,10699000.0
2021-10-15 00:00:00+00:00,65.97000122070312,66.19999694824219,65.56999969482422,65.68000030517578,60.24234390258789,14801200.0
2021-10-18 00:00:00+00:00,65.23999786376953,65.41000366210938,64.69999694824219,65.05000305175781,59.66450881958008,10351000.0
2021-10-19 00:00:00+00:00,65.55000305175781,65.95999908447266,65.37000274658203,65.87000274658203,60.41661834716797,10706800.0
2021-10-20 00:00:00+00:00,66.13999938964844,67.16999816894531,66.06999969482422,66.91000366210938,61.37052536010742,13899800.0
2021-10-21 00:00:00+00:00,66.94999694824219,67.18000030517578,66.81999969482422,66.91000366210938,61.37052536010742,8686400.0
2021-10-22 00:00:00+00:00,67.08999633789062,67.37000274658203,66.94000244140625,67.25,61.6823616027832,10699900.0
2021-10-25 00:00:00+00:00,67.1500015258789,67.37000274658203,66.80000305175781,66.95999908447266,61.41636657714844,7580100.0
2021-10-26 00:00:00+00:00,67.0199966430664,67.83999633789062,66.91000366210938,67.31999969482422,61.74657440185547,9695700.0
2021-10-27 00:00:00+00:00,67.4800033569336,67.6500015258789,66.80000305175781,66.87000274658203,61.33383560180664,11131800.0
2021-10-28 00:00:00+00:00,66.80999755859375,67.31999969482422,66.7300033569336,67.30999755859375,61.73739242553711,7721800.0
2021-10-29 00:00:00+00:00,67.29000091552734,67.56999969482422,66.58000183105469,66.91000366210938,61.37052536010742,13333400.0
2021-11-01 00:00:00+00:00,66.88999938964844,67.31999969482422,66.68000030517578,67.1500015258789,61.59063720703125,8091400.0
2021-11-02 00:00:00+00:00,67.4000015258789,67.52999877929688,66.7300033569336,67.20999908447266,61.64567565917969,9932400.0
2021-11-03 00:00:00+00:00,67.0999984741211,67.36000061035156,66.41999816894531,66.95999908447266,61.41636657714844,10496100.0
2021-11-04 00:00:00+00:00,66.86000061035156,67.0,65.9000015258789,66.58999633789062,61.076995849609375,16091500.0
2021-11-05 00:00:00+00:00,66.80999755859375,67.51000213623047,66.73999786376953,67.22000122070312,61.65485382080078,10792200.0
2021-11-08 00:00:00+00:00,67.30000305175781,67.30999755859375,65.9000015258789,66.22000122070312,60.737640380859375,9835100.0
2021-11-09 00:00:00+00:00,66.33999633789062,66.75,66.12999725341797,66.55999755859375,61.04948806762695,8244700.0
2021-11-10 00:00:00+00:00,66.61000061035156,67.16000366210938,66.56999969482422,67.0999984741211,61.54478073120117,12916600.0
2021-11-11 00:00:00+00:00,67.05999755859375,67.08999633789062,66.33999633789062,66.69000244140625,61.16871643066406,7873700.0
2021-11-12 00:00:00+00:00,66.66999816894531,66.83000183105469,66.36000061035156,66.6500015258789,61.132049560546875,9089500.0
2021-11-15 00:00:00+00:00,66.94000244140625,67.55999755859375,66.80000305175781,67.52999877929688,61.93918228149414,9501900.0
2021-11-16 00:00:00+00:00,67.55999755859375,67.69000244140625,67.16999816894531,67.20999908447266,61.64567565917969,6606700.0
2021-11-17 00:00:00+00:00,67.05000305175781,67.37000274658203,66.70999908447266,67.2699966430664,61.700706481933594,9500900.0
2021-11-18 00:00:00+00:00,67.16000366210938,67.29000091552734,66.69000244140625,66.91999816894531,61.37968444824219,7652500.0
2021-11-19 00:00:00+00:00,67.01000213623047,67.44999694824219,66.83000183105469,67.30000305175781,61.72822570800781,10303000.0
2021-11-22 00:00:00+00:00,67.25,68.06999969482422,67.06999969482422,67.70999908447266,62.104278564453125,11577000.0
2021-11-23 00:00:00+00:00,67.69999694824219,68.18000030517578,67.37000274658203,67.77999877929688,62.168479919433594,9518200.0
2021-11-24 00:00:00+00:00,67.75,67.95999908447266,67.4000015258789,67.81999969482422,62.20518493652344,7965800.0
2021-11-25 00:00:00+00:00,,,,,,
2021-11-26 00:00:00+00:00,67.33999633789062,67.77999877929688,66.58999633789062,66.76000213623047,61.232933044433594,10927300.0
2021-11-29 00:00:00+00:00,67.27999877929688,67.94000244140625,66.73999786376953,67.75,62.14097213745117,11410900.0
2021-11-30 00:00:00+00:00,67.43000030517578,67.44000244140625,65.70999908447266,65.7699966430664,60.324886322021484,24311500.0
2021-12-01 00:00:00+00:00,66.20999908447266,67.4800033569336,65.8499984741211,65.88999938964844,60.43495178222656,23012300.0
2021-12-02 00:00:00+00:00,66.05000305175781,67.3499984741211,66.05000305175781,66.7300033569336,61.20541763305664,17525100.0
2021-12-03 00:00:00+00:00,67.05999755859375,67.41999816894531,66.08000183105469,67.4000015258789,61.8199462890625,21385700.0
2021-12-06 00:00:00+00:00,67.83999633789062,69.13999938964844,67.80999755859375,68.43000030517578,62.76466751098633,23611000.0
2021-12-07 00:00:00+00:00,68.44000244140625,69.11000061035156,68.26000213623047,68.94000244140625,63.23245620727539,10894500.0
2021-12-08 00:00:00+00:00,69.0,69.33000183105469,68.5,68.87000274658203,63.168243408203125,12997200.0
2021-12-09 00:00:00+00:00,69.02999877929688,69.16999816894531,68.30999755859375,68.77999877929688,63.08568572998047,11891700.0
2021-12-10 00:00:00+00:00,69.05999755859375,69.4800033569336,68.79000091552734,69.1500015258789,63.425071716308594,11701800.0
2021-12-13 00:00:00+00:00,69.08000183105469,70.33999633789062,69.08000183105469,70.0,64.20469665527344,13750000.0
2021-12-14 00:00:00+00:00,69.98999786376953,70.12999725341797,69.25,69.58000183105469,63.81947326660156,17502500.0
2021-12-15 00:00:00+00:00,69.5,70.77999877929688,69.5,70.72000122070312,64.86508178710938,22682300.0
2021-12-16 00:00:00+00:00,70.6500015258789,71.51000213623047,70.58999633789062,71.08000183105469,65.19527435302734,15104600.0
2021-12-17 00:00:00+00:00,70.80999755859375,71.16000366210938,69.86000061035156,70.01000213623047,64.2138671875,21837000.0
2021-12-20 00:00:00+00:00,68.80000305175781,69.5999984741211,68.23999786376953,69.52999877929688,64.27487182617188,15045600.0
2021-12-21 00:00:00+00:00,69.75,70.20999908447266,69.05999755859375,69.43000030517578,64.18244934082031,16177900.0
2021-12-22 00:00:00+00:00,69.31999969482422,69.83000183105469,69.22000122070312,69.7300033569336,64.45977020263672,9483900.0
2021-12-23 00:00:00+00:00,69.7699966430664,70.08000183105469,69.6500015258789,69.72000122070312,64.45050811767578,7252700.0
2021-12-24 00:00:00+00:00,,,,,,
2021-12-27 00:00:00+00:00,69.75,70.05999755859375,69.54000091552734,70.05999755859375,64.76481628417969,7853700.0
2021-12-28 00:00:00+00:00,70.16000366210938,70.70999908447266,70.11000061035156,70.69000244140625,65.34720611572266,8052000.0
2021-12-29 00:00:00+00:00,70.7699966430664,71.18000030517578,70.6500015258789,71.06999969482422,65.69847869873047,6877700.0
2021-12-30 00:00:00+00:00,71.26000213623047,71.4000015258789,70.80999755859375,71.33000183105469,65.93882751464844,9336200.0
2021-12-31 00:00:00+00:00,71.18000030517578,71.83000183105469,71.04000091552734,71.58000183105469,66.1699447631836,9309400.0
2022-01-03 00:00:00+00:00,71.55000305175781,71.56999969482422,70.05999755859375,70.87000274658203,65.51360321044922,21649800.0
2022-01-04 00:00:00+00:00,70.87000274658203,71.55999755859375,70.62999725341797,70.6500015258789,65.31022644042969,14660900.0
2022-01-05 00:00:00+00:00,70.5999984741211,71.41000366210938,70.54000091552734,70.61000061035156,65.27323913574219,22243200.0
2022-01-06 00:00:00+00:00,70.61000061035156,70.9000015258789,69.80000305175781,69.87999725341797,64.59841918945312,18129800.0
2022-01-07 00:00:00+00:00,69.7300033569336,70.75,69.30000305175781,70.41000366210938,65.08837127685547,19636000.0
2022-01-10 00:00:00+00:00,70.3499984741211,70.44999694824219,69.61000061035156,69.94999694824219,64.66313934326172,15584900.0
2022-01-11 00:00:00+00:00,69.88999938964844,70.1500015258789,68.86000061035156,69.31999969482422,64.08073425292969,16826900.0
2022-01-12 00:00:00+00:00,69.0999984741211,69.72000122070312,68.9000015258789,69.54000091552734,64.28411102294922,14056800.0
2022-01-13 00:00:00+00:00,69.51000213623047,70.1500015258789,69.47000122070312,69.87999725341797,64.59841918945312,16974500.0
2022-01-14 00:00:00+00:00,69.87999725341797,70.01000213623047,69.05000305175781,69.4000015258789,64.15470123291016,16273600.0
2022-01-17 00:00:00+00:00,,,,,,
2022-01-18 00:00:00+00:00,68.88999938964844,69.01000213623047,68.02999877929688,68.56999969482422,63.38742446899414,17767400.0
2022-01-19 00:00:00+00:00,68.58999633789062,69.48999786376953,68.56999969482422,68.87999725341797,63.674007415771484,16025600.0
2022-01-20 00:00:00+00:00,69.08999633789062,69.97000122070312,68.88999938964844,68.97000122070312,63.757205963134766,14764800.0
2022-01-21 00:00:00+00:00,69.30999755859375,69.66999816894531,68.70999908447266,68.83999633789062,63.63701629638672,24271300.0
2022-01-24 00:00:00+00:00,68.76000213623047,68.9800033569336,66.43000030517578,68.18000030517578,63.026912689208984,28801000.0
2022-01-25 00:00:00+00:00,67.12000274658203,67.91999816894531,66.80000305175781,67.11000061035156,62.037784576416016,26109300.0
2022-01-26 00:00:00+00:00,67.23999786376953,67.97000122070312,66.19000244140625,66.55999755859375,61.52935028076172,24617100.0
2022-01-27 00:00:00+00:00,67.18000030517578,67.98999786376953,66.81999969482422,67.1500015258789,62.07475280761719,22491000.0
2022-01-28 00:00:00+00:00,66.97000122070312,68.0199966430664,66.45999908447266,67.95999908447266,62.82352828979492,25025200.0
2022-01-31 00:00:00+00:00,67.55999755859375,69.30999755859375,67.41999816894531,69.25,64.01603698730469,26290000.0
2022-02-01 00:00:00+00:00,69.05999755859375,69.43000030517578,67.69000244140625,68.33000183105469,63.16557312011719,20510100.0
2022-02-02 00:00:00+00:00,68.27999877929688,69.44000244140625,68.16000366210938,69.33999633789062,64.09923553466797,22861900.0
2022-02-03 00:00:00+00:00,69.13999938964844,69.45999908447266,68.83999633789062,69.02999877929688,63.81266784667969,17144900.0
2022-02-04 00:00:00+00:00,68.43000030517578,69.08999633789062,67.79000091552734,68.4800033569336,63.30424118041992,18514600.0
2022-02-07 00:00:00+00:00,68.36000061035156,68.66000366210938,67.95999908447266,68.37999725341797,63.21179962158203,13771800.0
2022-02-08 00:00:00+00:00,68.66000366210938,68.87999725341797,68.26000213623047,68.43000030517578,63.25801086425781,19426600.0
2022-02-09 00:00:00+00:00,68.91999816894531,69.08000183105469,68.5199966430664,68.7300033569336,63.53535079956055,17615900.0
2022-02-10 00:00:00+00:00,68.05000305175781,68.37999725341797,66.8499984741211,66.98999786376953,61.92685317993164,22530000.0
2022-02-11 00:00:00+00:00,67.27999877929688,67.77999877929688,66.73999786376953,67.02999877929688,61.96382141113281,18029900.0
2022-02-14 00:00:00+00:00,67.25,67.36000061035156,65.81999969482422,66.45999908447266,61.43690490722656,18556100.0
2022-02-15 00:00:00+00:00,66.87000274658203,67.12999725341797,65.8499984741211,66.1500015258789,61.15034103393555,17087200.0
2022-02-16 00:00:00+00:00,66.23999786376953,66.58000183105469,65.6500015258789,66.30000305175781,61.28900146484375,16092300.0
2022-02-17 00:00:00+00:00,66.0,66.66000366210938,65.52999877929688,66.33999633789062,61.32597732543945,14579900.0
2022-02-18 00:00:00+00:00,66.12000274658203,66.7699966430664,65.91999816894531,66.22000122070312,61.215049743652344,16843400.0
2022-02-21 00:00:00+00:00,,,,,,
2022-02-22 00:00:00+00:00,66.45999908447266,66.62000274658203,65.69999694824219,66.1500015258789,61.15034103393555,17210700.0
2022-02-23 00:00:00+00:00,66.2699966430664,66.47000122070312,64.95999908447266,65.02999877929688,60.11498260498047,17291800.0
2022-02-24 00:00:00+00:00,64.61000061035156,65.68000030517578,64.27999877929688,65.55000305175781,60.595699310302734,28660000.0
2022-02-25 00:00:00+00:00,66.12999725341797,67.66000366210938,65.9800033569336,67.58000183105469,62.47227478027344,21264000.0
2022-02-28 00:00:00+00:00,67.16999816894531,68.02999877929688,67.08999633789062,67.93000030517578,62.795799255371094,18352600.0
2022-03-01 00:00:00+00:00,67.79000091552734,68.37999725341797,66.83000183105469,67.33999633789062,62.25039291381836,16732300.0
2022-03-02 00:00:00+00:00,67.37000274658203,68.41000366210938,67.33000183105469,68.16000366210938,63.00841522216797,14629900.0
2022-03-03 00:00:00+00:00,68.43000030517578,69.69999694824219,68.37000274658203,69.36000061035156,64.11773681640625,20735600.0
2022-03-04 00:00:00+00:00,69.18000030517578,70.94999694824219,69.04000091552734,70.88999938964844,65.5320816040039,24341800.0
2022-03-07 00:00:00+00:00,71.05000305175781,71.97000122070312,70.44999694824219,71.80999755859375,66.38256072998047,30972000.0
2022-03-08 00:00:00+00:00,72.0,72.37000274658203,70.66999816894531,70.69999694824219,65.3564453125,26564900.0
2022-03-09 00:00:00+00:00,71.20999908447266,71.30999755859375,70.06999969482422,70.19999694824219,64.89423370361328,25476900.0
2022-03-10 00:00:00+00:00,69.66999816894531,70.80999755859375,69.62000274658203,70.66999816894531,65.3287124633789,17019900.0
2022-03-11 00:00:00+00:00,70.77999877929688,71.25,70.36000061035156,70.43000030517578,65.10685729980469,12494200.0
2022-03-14 00:00:00+00:00,70.87999725341797,71.23999786376953,69.98999786376953,70.3499984741211,65.03289794921875,20502300.0
2022-03-15 00:00:00+00:00,71.02999877929688,71.4000015258789,70.62000274658203,71.25,65.8648910522461,14502200.0
2022-03-16 00:00:00+00:00,71.16000366210938,71.47000122070312,70.11000061035156,71.12000274658203,65.74469757080078,20005900.0
2022-03-17 00:00:00+00:00,71.16000366210938,71.93000030517578,71.0199966430664,71.41999816894531,66.02201843261719,15915000.0
2022-03-18 00:00:00+00:00,71.41999816894531,71.73999786376953,70.6500015258789,70.80999755859375,65.4581298828125,18519000.0
2022-03-21 00:00:00+00:00,70.44000244140625,71.13999938964844,70.41999816894531,70.80999755859375,65.89551544189453,18147200.0
2022-03-22 00:00:00+00:00,71.08000183105469,71.08000183105469,70.3499984741211,70.91000366210938,65.98857116699219,14643200.0
2022-03-23 00:00:00+00:00,70.83999633789062,71.41999816894531,70.48999786376953,71.01000213623047,66.08163452148438,13995000.0
2022-03-24 00:00:00+00:00,71.16000366210938,71.83000183105469,71.0199966430664,71.73999786376953,66.7609634399414,13295700.0
2022-03-25 00:00:00+00:00,72.0,72.80999755859375,71.83000183105469,72.77999877929688,67.72879791259766,14461000.0
2022-03-28 00:00:00+00:00,72.8499984741211,73.25,72.41999816894531,73.25,68.16615295410156,15479900.0
2022-03-29 00:00:00+00:00,73.22000122070312,73.93000030517578,73.08999633789062,73.93000030517578,68.79896545410156,19057300.0
2022-03-30 00:00:00+00:00,74.0,74.55999755859375,73.77999877929688,74.54000091552734,69.36663818359375,17614600.0
2022-03-31 00:00:00+00:00,74.48999786376953,75.13999938964844,74.41999816894531,74.45999908447266,69.29218292236328,17850600.0
2022-04-01 00:00:00+00:00,74.4000015258789,75.55000305175781,73.95999908447266,75.5,70.26000213623047,19006900.0
2022-04-04 00:00:00+00:00,75.19000244140625,75.19000244140625,74.1500015258789,74.91999816894531,69.72026824951172,14195500.0
2022-04-05 00:00:00+00:00,74.94999694824219,76.25,74.94000244140625,75.38999938964844,70.15763854980469,19070300.0
2022-04-06 00:00:00+00:00,75.62999725341797,76.94000244140625,75.29000091552734,76.88999938964844,71.55353546142578,28244600.0
2022-04-07 00:00:00+00:00,76.86000061035156,76.88999938964844,76.0,76.69999694824219,71.37672424316406,21016900.0
2022-04-08 00:00:00+00:00,76.9800033569336,77.2300033569336,76.30999755859375,76.95999908447266,71.6186752319336,17194300.0
2022-04-11 00:00:00+00:00,77.01000213623047,77.11000061035156,75.80000305175781,75.91000366210938,70.64155578613281,23167900.0
2022-04-12 00:00:00+00:00,75.69999694824219,76.5999984741211,75.43000030517578,76.19999694824219,70.91141510009766,22656900.0
2022-04-13 00:00:00+00:00,76.20999908447266,76.41000366210938,75.55000305175781,76.05000305175781,70.77183532714844,17656500.0
2022-04-14 00:00:00+00:00,76.19999694824219,76.5999984741211,75.9800033569336,76.08999633789062,70.80906677246094,14213500.0
2022-04-15 00:00:00+00:00,,,,,,
2022-04-18 00:00:00+00:00,76.18000030517578,76.61000061035156,75.31999969482422,75.68000030517578,70.42752075195312,14939000.0
2022-04-19 00:00:00+00:00,75.9000015258789,76.31999969482422,75.68000030517578,76.16999816894531,70.88350677490234,16515200.0
2022-04-20 00:00:00+00:00,76.9800033569336,77.16999816894531,76.55999755859375,76.79000091552734,71.4604721069336,18326200.0
2022-04-21 00:00:00+00:00,76.54000091552734,76.76000213623047,75.45999908447266,75.5199966430664,70.27860260009766,18408500.0
2022-04-22 00:00:00+00:00,75.41999816894531,75.5,74.19999694824219,74.25,69.09676361083984,27341700.0
2022-04-25 00:00:00+00:00,74.51000213623047,74.55000305175781,72.5199966430664,73.73999786376953,68.62215423583984,29835900.0
2022-04-26 00:00:00+00:00,73.4800033569336,74.38999938964844,72.97000122070312,73.0,67.93350982666016,20553100.0
2022-04-27 00:00:00+00:00,73.05000305175781,73.7300033569336,72.41000366210938,72.6500015258789,67.60781860351562,24533900.0
2022-04-28 00:00:00+00:00,73.0,73.72000122070312,72.62000274658203,73.45999908447266,68.36158752441406,19951300.0
2022-04-29 00:00:00+00:00,73.13999938964844,73.2699966430664,71.1500015258789,71.26000213623047,66.31428527832031,27169100.0
2022-05-02 00:00:00+00:00,71.5999984741211,71.93000030517578,69.63999938964844,70.52999877929688,65.63495635986328,32916100.0
2022-05-03 00:00:00+00:00,70.79000091552734,71.95999908447266,70.47000122070312,70.80000305175781,65.88622283935547,21076400.0
2022-05-04 00:00:00+00:00,71.23999786376953,72.51000213623047,70.94000244140625,72.37999725341797,67.3565444946289,28290100.0
2022-05-05 00:00:00+00:00,71.9000015258789,72.5,71.0,71.63999938964844,66.66790771484375,27424600.0
2022-05-06 00:00:00+00:00,71.22000122070312,72.44000244140625,71.19999694824219,72.20999908447266,67.1983413696289,27679900.0
2022-05-09 00:00:00+00:00,71.7699966430664,72.4000015258789,71.06999969482422,71.66999816894531,66.69581604003906,25709700.0
2022-05-10 00:00:00+00:00,71.7699966430664,72.75,69.95999908447266,70.80000305175781,65.88622283935547,32789200.0
2022-05-11 00:00:00+00:00,70.75,72.5,70.69000244140625,71.30999755859375,66.36080169677734,36050900.0
2022-05-12 00:00:00+00:00,71.2300033569336,71.41000366210938,69.83999633789062,70.58999633789062,65.69078063964844,24946000.0
2022-05-13 00:00:00+00:00,71.20999908447266,71.54000091552734,70.29000091552734,71.43000030517578,66.47248077392578,15104400.0
2022-05-16 00:00:00+00:00,71.45999908447266,71.95999908447266,71.16000366210938,71.6500015258789,66.67721557617188,11606800.0
2022-05-17 00:00:00+00:00,71.98999786376953,72.4000015258789,70.87999725341797,72.38999938964844,67.36585235595703,14950900.0
2022-05-18 00:00:00+00:00,72.51000213623047,72.66000366210938,71.5,71.69000244140625,66.71443939208984,18728300.0
2022-05-19 00:00:00+00:00,71.36000061035156,71.86000061035156,70.52999877929688,71.54000091552734,66.5748519897461,18276100.0
2022-05-20 00:00:00+00:00,71.7300033569336,71.94000244140625,70.75,71.73999786376953,66.7609634399414,15679000.0
2022-05-23 00:00:00+00:00,72.55999755859375,72.93000030517578,71.87999725341797,72.5999984741211,67.561279296875,13541100.0
2022-05-24 00:00:00+00:00,72.73999786376953,74.19000244140625,72.19000244140625,74.05000305175781,68.91065216064453,16155700.0
2022-05-25 00:00:00+00:00,74.12999725341797,74.23999786376953,73.5199966430664,74.0,68.86410522460938,13861900.0
2022-05-26 00:00:00+00:00,74.45999908447266,74.75,74.1500015258789,74.20999908447266,69.05953216552734,11645000.0
2022-05-27 00:00:00+00:00,74.1500015258789,75.37000274658203,73.83000183105469,75.37000274658203,70.13902282714844,11620600.0
2022-05-30 00:00:00+00:00,,,,,,
2022-05-31 00:00:00+00:00,74.66999816894531,74.94999694824219,74.01000213623047,74.33000183105469,69.17121124267578,15520500.0
2022-06-01 00:00:00+00:00,74.5999984741211,74.5999984741211,73.52999877929688,74.20999908447266,69.05953216552734,11211100.0
2022-06-02 00:00:00+00:00,74.56999969482422,74.77999877929688,73.05999755859375,74.70999908447266,69.52484130859375,12519100.0
2022-06-03 00:00:00+00:00,74.4000015258789,74.80999755859375,74.20999908447266,74.3499984741211,69.18982696533203,8845600.0
2022-06-06 00:00:00+00:00,75.0199966430664,75.26000213623047,74.58999633789062,74.68000030517578,69.49693298339844,10172900.0
2022-06-07 00:00:00+00:00,74.48999786376953,75.19999694824219,74.02999877929688,75.12999725341797,69.91568756103516,9910000.0
2022-06-08 00:00:00+00:00,74.80000305175781,74.80000305175781,73.55000305175781,73.66000366210938,68.54771423339844,9985700.0
2022-06-09 00:00:00+00:00,73.62000274658203,73.97000122070312,71.83999633789062,71.88999938964844,66.90054321289062,12883800.0
2022-06-10 00:00:00+00:00,71.18000030517578,71.9800033569336,70.73999786376953,71.33999633789062,66.38872528076172,16400300.0
2022-06-13 00:00:00+00:00,70.43000030517578,70.58999633789062,67.72000122070312,68.05999755859375,63.33637237548828,26360700.0
2022-06-14 00:00:00+00:00,68.13999938964844,68.38999938964844,65.58999633789062,66.33999633789062,61.73574447631836,25671300.0
2022-06-15 00:00:00+00:00,66.93000030517578,67.79000091552734,65.95999908447266,66.7699966430664,62.13589859008789,25832400.0
2022-06-16 00:00:00+00:00,65.94000244140625,65.94000244140625,64.95999908447266,65.4800033569336,60.9354362487793,24377200.0
2022-06-17 00:00:00+00:00,65.58000183105469,66.04000091552734,64.33000183105469,64.87000274658203,60.36777877807617,21564700.0
2022-06-20 00:00:00+00:00,,,,,,
2022-06-21 00:00:00+00:00,64.58000183105469,65.94000244140625,64.41999816894531,65.58000183105469,61.51688003540039,18633200.0
2022-06-22 00:00:00+00:00,65.2300033569336,66.76000213623047,65.20999908447266,66.2699966430664,62.164119720458984,14291100.0
2022-06-23 00:00:00+00:00,66.66000366210938,67.94999694824219,66.56999969482422,67.83000183105469,63.62748336791992,20570100.0
2022-06-24 00:00:00+00:00,68.19000244140625,69.1500015258789,67.91999816894531,69.01000213623047,64.73435974121094,15037600.0
2022-06-27 00:00:00+00:00,68.86000061035156,69.7300033569336,68.58999633789062,69.56999969482422,65.2596664428711,11638400.0
2022-06-28 00:00:00+00:00,69.80000305175781,70.33999633789062,69.22000122070312,69.30999755859375,65.01577758789062,13185900.0
2022-06-29 00:00:00+00:00,69.41999816894531,69.62999725341797,68.91999816894531,69.36000061035156,65.06268310546875,15164700.0
2022-06-30 00:00:00+00:00,68.93000030517578,70.6500015258789,68.83999633789062,70.12999725341797,65.78497314453125,18868900.0
2022-07-01 00:00:00+00:00,70.48999786376953,71.97000122070312,70.20999908447266,71.8499984741211,67.39839935302734,17127900.0
2022-07-04 00:00:00+00:00,,,,,,
2022-07-05 00:00:00+00:00,71.69000244140625,71.73999786376953,68.30999755859375,69.4000015258789,65.10020446777344,22026800.0
2022-07-06 00:00:00+00:00,69.73999786376953,70.76000213623047,69.19000244140625,70.12000274658203,65.77558898925781,14259100.0
2022-07-07 00:00:00+00:00,70.4800033569336,70.70999908447266,69.97000122070312,70.05000305175781,65.70993041992188,8399700.0
2022-07-08 00:00:00+00:00,69.9800033569336,70.12999725341797,69.58999633789062,69.81999969482422,65.49417877197266,6282300.0
2022-07-11 00:00:00+00:00,69.55000305175781,70.38999938964844,69.38999938964844,70.26000213623047,65.90691375732422,6616400.0
2022-07-12 00:00:00+00:00,69.8499984741211,70.80999755859375,69.62999725341797,69.91999816894531,65.58797454833984,9570400.0
2022-07-13 00:00:00+00:00,69.2699966430664,70.37999725341797,69.20999908447266,69.62999725341797,65.31595611572266,19079600.0
2022-07-14 00:00:00+00:00,68.51000213623047,69.7300033569336,68.3499984741211,69.62999725341797,65.31595611572266,9462500.0
2022-07-15 00:00:00+00:00,69.69999694824219,69.86000061035156,68.55999755859375,69.76000213623047,65.43789672851562,8742100.0
2022-07-18 00:00:00+00:00,69.5999984741211,69.69999694824219,68.76000213623047,68.79000091552734,64.52799987792969,7711000.0
2022-07-19 00:00:00+00:00,69.23999786376953,69.61000061035156,69.0,69.2300033569336,64.94073486328125,11357700.0
2022-07-20 00:00:00+00:00,69.3499984741211,69.37999725341797,68.22000122070312,68.30999755859375,64.07772827148438,17042600.0
2022-07-21 00:00:00+00:00,68.5,68.5199966430664,67.8499984741211,68.48999786376953,64.24657440185547,13014700.0
2022-07-22 00:00:00+00:00,69.04000091552734,69.69999694824219,68.87999725341797,69.43000030517578,65.12834930419922,9771500.0
2022-07-25 00:00:00+00:00,69.31999969482422,70.31999969482422,69.12999725341797,70.30000305175781,65.94444274902344,8646000.0
2022-07-26 00:00:00+00:00,70.23999786376953,70.94000244140625,70.16000366210938,70.72000122070312,66.33841705322266,8967200.0
2022-07-27 00:00:00+00:00,70.38999938964844,70.97000122070312,70.19000244140625,70.77999877929688,66.39470672607422,10342100.0
2022-07-28 00:00:00+00:00,72.02999877929688,73.47000122070312,71.97000122070312,73.31999969482422,68.77732849121094,14857800.0
2022-07-29 00:00:00+00:00,73.18000030517578,74.26000213623047,73.16999816894531,73.94999694824219,69.36829376220703,12273800.0
2022-08-01 00:00:00+00:00,73.72000122070312,74.08999633789062,73.25,74.02999877929688,69.44334411621094,11574400.0
2022-08-02 00:00:00+00:00,74.36000061035156,74.79000091552734,73.81999969482422,73.87999725341797,69.30262756347656,11458300.0
2022-08-03 00:00:00+00:00,73.7699966430664,74.5199966430664,72.62000274658203,74.33999633789062,69.734130859375,10980200.0
2022-08-04 00:00:00+00:00,74.37999725341797,75.04000091552734,74.13999938964844,74.5,69.88421630859375,8664100.0
2022-08-05 00:00:00+00:00,74.30000305175781,74.63999938964844,73.52999877929688,74.2300033569336,69.6309585571289,11025100.0
2022-08-08 00:00:00+00:00,74.87000274658203,75.22000122070312,73.98999786376953,74.33999633789062,69.734130859375,8449500.0
2022-08-09 00:00:00+00:00,74.56999969482422,75.30999755859375,74.5199966430664,75.16999816894531,70.51270294189453,8106800.0
2022-08-10 00:00:00+00:00,75.51000213623047,75.66999816894531,74.94999694824219,75.5,70.82225799560547,7889300.0
2022-08-11 00:00:00+00:00,75.61000061035156,76.25,75.2699966430664,75.48999786376953,70.81287384033203,8024100.0
2022-08-12 00:00:00+00:00,76.0,76.7300033569336,75.8499984741211,76.72000122070312,71.9666748046875,7899400.0
2022-08-15 00:00:00+00:00,76.56999969482422,77.44000244140625,76.43000030517578,77.36000061035156,72.5670166015625,7785500.0
2022-08-16 00:00:00+00:00,77.19000244140625,77.86000061035156,77.11000061035156,77.58000183105469,72.77339935302734,7788800.0
2022-08-17 00:00:00+00:00,77.26000213623047,77.79000091552734,77.19999694824219,77.44999694824219,72.65144348144531,10643000.0
2022-08-18 00:00:00+00:00,77.5199966430664,77.9800033569336,77.47000122070312,77.73999786376953,72.92347717285156,8279500.0
2022-08-19 00:00:00+00:00,77.63999938964844,78.05000305175781,77.3499984741211,77.69999694824219,72.88595581054688,8643300.0
2022-08-22 00:00:00+00:00,77.33000183105469,77.47000122070312,76.44000244140625,76.63999938964844,71.89163208007812,13226500.0
2022-08-23 00:00:00+00:00,76.5,76.66999816894531,75.87000274658203,76.18000030517578,71.46012878417969,7873500.0
2022-08-24 00:00:00+00:00,76.08000183105469,76.5199966430664,75.88999938964844,76.41999816894531,71.68526458740234,7501100.0
2022-08-25 00:00:00+00:00,76.5999984741211,76.88999938964844,76.0199966430664,76.88999938964844,72.12614440917969,7300900.0
2022-08-26 00:00:00+00:00,76.91999816894531,77.18000030517578,75.63999938964844,75.70999908447266,71.01924896240234,8866200.0
2022-08-29 00:00:00+00:00,75.31999969482422,76.5,74.87999725341797,75.94000244140625,71.2350082397461,11238700.0
2022-08-30 00:00:00+00:00,75.91999816894531,75.9800033569336,74.55000305175781,74.83000183105469,70.19377899169922,10280300.0
2022-08-31 00:00:00+00:00,74.87000274658203,75.33000183105469,74.30999755859375,74.33999633789062,69.734130859375,11006400.0
2022-09-01 00:00:00+00:00,74.05000305175781,75.5199966430664,74.05000305175781,75.41000366210938,70.73784637451172,14080000.0
2022-09-02 00:00:00+00:00,75.5999984741211,76.30999755859375,74.37999725341797,74.5999984741211,69.97801208496094,12768400.0
2022-09-05 00:00:00+00:00,,,,,,
2022-09-06 00:00:00+00:00,75.0199966430664,75.83000183105469,74.5999984741211,74.79000091552734,70.15625,16450200.0
2022-09-07 00:00:00+00:00,75.1500015258789,77.23999786376953,75.06999969482422,77.12999725341797,72.35127258300781,15754900.0
2022-09-08 00:00:00+00:00,76.83999633789062,77.58000183105469,76.66000366210938,77.06999969482422,72.29499816894531,12575300.0
2022-09-09 00:00:00+00:00,77.52999877929688,77.81999969482422,76.8499984741211,77.37999725341797,72.58576965332031,10590700.0
2022-09-12 00:00:00+00:00,77.58999633789062,78.22000122070312,77.3499984741211,78.12000274658203,73.27993774414062,11340300.0
2022-09-13 00:00:00+00:00,77.33000183105469,77.6500015258789,75.66999816894531,76.04000091552734,71.32881164550781,17578100.0
2022-09-14 00:00:00+00:00,76.06999969482422,77.08999633789062,75.98999786376953,76.66000366210938,71.910400390625,11148700.0
2022-09-15 00:00:00+00:00,76.05000305175781,76.05000305175781,74.55999755859375,74.75,70.11873626708984,18055000.0
2022-09-16 00:00:00+00:00,74.4800033569336,75.05000305175781,74.33999633789062,74.47000122070312,69.85608673095703,16111200.0
2022-09-19 00:00:00+00:00,73.73999786376953,74.97000122070312,73.54000091552734,74.95999908447266,70.79197692871094,10731400.0
2022-09-20 00:00:00+00:00,74.47000122070312,74.47000122070312,73.33000183105469,73.87000274658203,69.76258087158203,11704200.0
2022-09-21 00:00:00+00:00,74.3499984741211,74.8499984741211,72.83000183105469,72.86000061035156,68.80874633789062,15230600.0
2022-09-22 00:00:00+00:00,72.80000305175781,73.08999633789062,72.22000122070312,72.5999984741211,68.56318664550781,17350400.0
2022-09-23 00:00:00+00:00,71.88999938964844,71.98999786376953,70.83999633789062,71.76000213623047,67.76990509033203,16210300.0
2022-09-26 00:00:00+00:00,71.58000183105469,71.66999816894531,69.33000183105469,70.02999877929688,66.13609313964844,17969500.0
2022-09-27 00:00:00+00:00,70.48999786376953,70.5999984741211,68.51000213623047,68.8499984741211,65.02171325683594,19143000.0
2022-09-28 00:00:00+00:00,69.6500015258789,70.0199966430664,68.73999786376953,69.58999633789062,65.72056579589844,22941300.0
2022-09-29 00:00:00+00:00,69.2300033569336,69.38999938964844,66.66000366210938,66.80000305175781,63.08570098876953,20331000.0
2022-09-30 00:00:00+00:00,67.12000274658203,67.37999725341797,65.37000274658203,65.51000213623047,61.867431640625,22776500.0
2022-10-03 00:00:00+00:00,66.58000183105469,67.80000305175781,66.12000274658203,67.43000030517578,63.680667877197266,25447000.0
2022-10-04 00:00:00+00:00,67.9000015258789,68.91999816894531,67.4800033569336,68.86000061035156,65.0311508178711,16996500.0
2022-10-05 00:00:00+00:00,67.9800033569336,67.9800033569336,66.58000183105469,67.33000183105469,63.58622360229492,17205700.0
2022-10-06 00:00:00+00:00,67.04000091552734,67.1500015258789,65.04000091552734,65.11000061035156,61.48966598510742,25671000.0
2022-10-07 00:00:00+00:00,64.91999816894531,65.16000366210938,63.31999969482422,63.7599983215332,60.21472930908203,21083400.0
2022-10-10 00:00:00+00:00,63.88999938964844,64.62999725341797,63.779998779296875,63.869998931884766,60.31861114501953,16517800.0
2022-10-11 00:00:00+00:00,63.630001068115234,64.47000122070312,63.29999923706055,63.63999938964844,60.10140609741211,17160000.0
2022-10-12 00:00:00+00:00,63.540000915527344,63.65999984741211,61.47999954223633,61.52000045776367,58.09928512573242,20916500.0
2022-10-13 00:00:00+00:00,60.59000015258789,63.310001373291016,60.349998474121094,63.060001373291016,59.553653717041016,30714900.0
2022-10-14 00:00:00+00:00,63.709999084472656,64.16999816894531,61.84000015258789,62.150001525878906,58.694252014160156,19652900.0
2022-10-17 00:00:00+00:00,63.0,64.05000305175781,63.0,63.45000076293945,59.92197036743164,14123700.0
2022-10-18 00:00:00+00:00,64.70999908447266,64.95999908447266,63.970001220703125,64.61000061035156,61.0174674987793,16041900.0
2022-10-19 00:00:00+00:00,63.77000045776367,64.19999694824219,63.220001220703125,63.77000045776367,60.22417449951172,12843400.0
2022-10-20 00:00:00+00:00,63.790000915527344,63.790000915527344,61.86000061035156,62.15999984741211,58.70369338989258,15518500.0
2022-10-21 00:00:00+00:00,62.38999938964844,63.779998779296875,61.959999084472656,63.310001373291016,59.78975296020508,15543600.0
2022-10-24 00:00:00+00:00,63.650001525878906,64.33999633789062,63.150001525878906,63.84000015258789,60.290287017822266,10030500.0
2022-10-25 00:00:00+00:00,64.05000305175781,65.29000091552734,63.900001525878906,65.12000274658203,61.49911117553711,14201800.0
2022-10-26 00:00:00+00:00,65.47000122070312,65.80000305175781,64.80999755859375,65.08999633789062,61.47077941894531,13534400.0
2022-10-27 00:00:00+00:00,65.55999755859375,66.3499984741211,65.41999816894531,65.61000061035156,61.96186828613281,12257300.0
2022-10-28 00:00:00+00:00,65.87999725341797,67.55000305175781,65.79000091552734,67.41000366210938,63.66177749633789,13592900.0
2022-10-31 00:00:00+00:00,67.23999786376953,67.5199966430664,66.37999725341797,66.77999877929688,63.06680679321289,10894800.0
2022-11-01 00:00:00+00:00,67.18000030517578,67.43000030517578,66.51000213623047,67.04000091552734,63.31235122680664,10739500.0
2022-11-02 00:00:00+00:00,66.81999969482422,68.20999908447266,66.36000061035156,66.38999938964844,62.69849395751953,21340200.0
2022-11-03 00:00:00+00:00,65.76000213623047,67.2699966430664,65.4000015258789,66.68000030517578,62.97237014770508,14328200.0
2022-11-04 00:00:00+00:00,66.81999969482422,67.36000061035156,65.91999816894531,67.08999633789062,63.35957717895508,12149200.0
2022-11-07 00:00:00+00:00,66.95999908447266,67.06999969482422,64.7699966430664,65.80999755859375,62.15074157714844,14296400.0
2022-11-08 00:00:00+00:00,65.9000015258789,66.68000030517578,65.69000244140625,66.2699966430664,62.58516311645508,12413900.0
2022-11-09 00:00:00+00:00,66.0,66.51000213623047,65.62000274658203,65.75,62.09408950805664,12890900.0
2022-11-10 00:00:00+00:00,67.7300033569336,68.97000122070312,66.7300033569336,68.8499984741211,65.02171325683594,17915200.0
2022-11-11 00:00:00+00:00,68.8499984741211,69.02999877929688,67.43000030517578,68.08000183105469,64.29451751708984,15312000.0
2022-11-14 00:00:00+00:00,68.12000274658203,68.48999786376953,67.23999786376953,67.2699966430664,63.52956008911133,10245300.0
2022-11-15 00:00:00+00:00,67.9800033569336,68.4800033569336,67.19000244140625,68.01000213623047,64.22842407226562,13620800.0
2022-11-16 00:00:00+00:00,68.04000091552734,68.97000122070312,68.04000091552734,68.62000274658203,64.80450439453125,13231100.0
2022-11-17 00:00:00+00:00,67.87000274658203,68.05999755859375,67.08999633789062,67.41999816894531,63.67121505737305,11623600.0
2022-11-18 00:00:00+00:00,68.05000305175781,68.91999816894531,68.0199966430664,68.8499984741211,65.02171325683594,11741500.0
2022-11-21 00:00:00+00:00,68.73999786376953,69.36000061035156,68.69000244140625,69.16000366210938,65.3144760131836,11438200.0
2022-11-22 00:00:00+00:00,69.48999786376953,70.18000030517578,69.30999755859375,69.75,65.87167358398438,7452400.0
2022-11-23 00:00:00+00:00,69.55000305175781,70.55999755859375,69.55000305175781,70.52999877929688,66.6082992553711,7166700.0
2022-11-24 00:00:00+00:00,,,,,,
2022-11-25 00:00:00+00:00,70.79000091552734,71.16000366210938,70.73999786376953,70.94000244140625,66.99549865722656,4491500.0
2022-11-28 00:00:00+00:00,70.44999694824219,70.72000122070312,69.91000366210938,70.20999908447266,66.30609893798828,9131300.0
2022-11-29 00:00:00+00:00,69.77999877929688,69.83999633789062,69.27999877929688,69.69000244140625,65.81499481201172,9502200.0
2022-11-30 00:00:00+00:00,69.55999755859375,71.58000183105469,69.48999786376953,71.43000030517578,67.45825958251953,16473200.0
2022-12-01 00:00:00+00:00,72.12999725341797,72.51000213623047,71.19000244140625,71.37000274658203,67.40159606933594,15353100.0
2022-12-02 00:00:00+00:00,70.61000061035156,71.22000122070312,70.31999969482422,71.02999877929688,67.08049011230469,10354100.0
2022-12-05 00:00:00+00:00,70.48999786376953,70.9000015258789,70.36000061035156,70.62999725341797,66.70272827148438,11451500.0
2022-12-06 00:00:00+00:00,70.52999877929688,71.11000061035156,70.26000213623047,71.06999969482422,67.11827850341797,12824800.0
2022-12-07 00:00:00+00:00,71.12999725341797,71.61000061035156,70.4800033569336,70.73999786376953,66.80661010742188,14148900.0
2022-12-08 00:00:00+00:00,70.75,71.45999908447266,70.48999786376953,71.19999694824219,67.24104309082031,9960000.0
2022-12-09 00:00:00+00:00,70.94999694824219,71.44999694824219,70.76000213623047,70.83000183105469,66.8916244506836,11918600.0
2022-12-12 00:00:00+00:00,71.20999908447266,72.47000122070312,70.94000244140625,72.44999694824219,68.4215316772461,11381900.0
2022-12-13 00:00:00+00:00,73.47000122070312,73.79000091552734,71.87999725341797,72.66999816894531,68.62930297851562,13694200.0
2022-12-14 00:00:00+00:00,72.91999816894531,73.69000244140625,72.05000305175781,72.58000183105469,68.5443115234375,13318700.0
2022-12-15 00:00:00+00:00,72.30000305175781,72.41999816894531,71.36000061035156,71.69999694824219,67.71324920654297,13154000.0
2022-12-16 00:00:00+00:00,71.16000366210938,71.16000366210938,69.5999984741211,70.4800033569336,66.56107330322266,19631700.0
2022-12-19 00:00:00+00:00,69.55000305175781,70.30000305175781,69.18000030517578,69.62999725341797,66.29639434814453,9832300.0
2022-12-20 00:00:00+00:00,69.58999633789062,70.02999877929688,69.13999938964844,69.6500015258789,66.31543731689453,7982000.0
2022-12-21 00:00:00+00:00,70.06999969482422,70.6500015258789,69.83999633789062,70.62000274658203,67.2389907836914,8242400.0
2022-12-22 00:00:00+00:00,70.51000213623047,70.51000213623047,69.02999877929688,70.19000244140625,66.82957458496094,7051900.0
2022-12-23 00:00:00+00:00,70.05999755859375,70.95999908447266,70.05000305175781,70.91000366210938,67.51510620117188,5674700.0
2022-12-26 00:00:00+00:00,,,,,,
2022-12-27 00:00:00+00:00,71.06999969482422,71.5,70.62000274658203,71.3499984741211,67.93402862548828,6105700.0
2022-12-28 00:00:00+00:00,71.51000213623047,71.80999755859375,70.55999755859375,70.66999816894531,67.28658294677734,7215600.0
2022-12-29 00:00:00+00:00,71.0199966430664,71.58000183105469,70.97000122070312,71.18000030517578,67.77217102050781,5777600.0
2022-12-30 00:00:00+00:00,71.11000061035156,71.2300033569336,69.83999633789062,70.5,67.12472534179688,7350100.0
2023-01-02 00:00:00+00:00,,,,,,
2023-01-03 00:00:00+00:00,70.69999694824219,70.94000244140625,69.54000091552734,70.5,67.12472534179688,12887100.0
2023-01-04 00:00:00+00:00,70.81999969482422,71.77999877929688,70.70999908447266,71.13999938964844,67.73409271240234,10436300.0
2023-01-05 00:00:00+00:00,70.5999984741211,70.87000274658203,69.38999938964844,69.5999984741211,66.26782989501953,9786400.0
2023-01-06 00:00:00+00:00,70.38999938964844,71.33999633789062,70.29000091552734,71.0,67.60079193115234,9810200.0
2023-01-09 00:00:00+00:00,70.98999786376953,72.0199966430664,70.77999877929688,71.4800033569336,68.05783081054688,11719400.0
2023-01-10 00:00:00+00:00,71.29000091552734,71.54000091552734,70.66000366210938,71.5,68.07685089111328,8607500.0
2023-01-11 00:00:00+00:00,71.5,72.18000030517578,71.48999786376953,72.08000183105469,68.62908172607422,10685900.0
2023-01-12 00:00:00+00:00,72.16999816894531,72.2699966430664,71.52999877929688,71.58999633789062,68.16254425048828,12898900.0
2023-01-13 00:00:00+00:00,71.29000091552734,71.56999969482422,70.80000305175781,71.33000183105469,67.91498565673828,11896800.0
2023-01-16 00:00:00+00:00,,,,,,
2023-01-17 00:00:00+00:00,71.37999725341797,71.88999938964844,71.11000061035156,71.2300033569336,67.81979370117188,9765200.0
2023-01-18 00:00:00+00:00,71.54000091552734,71.54000091552734,69.43000030517578,69.5199966430664,66.19164276123047,14510200.0
2023-01-19 00:00:00+00:00,69.48999786376953,69.55999755859375,68.6500015258789,68.81999969482422,65.5251693725586,14197000.0
2023-01-20 00:00:00+00:00,68.77999877929688,69.26000213623047,67.83999633789062,69.2300033569336,65.91552734375,13310500.0
2023-01-23 00:00:00+00:00,68.98999786376953,69.91999816894531,68.69000244140625,69.25,65.9345703125,9826300.0
2023-01-24 00:00:00+00:00,69.31999969482422,69.80999755859375,68.43000030517578,69.5999984741211,66.26782989501953,10329400.0
2023-01-25 00:00:00+00:00,68.58000183105469,68.81999969482422,67.95999908447266,68.66000366210938,65.37283325195312,12991500.0
2023-01-26 00:00:00+00:00,68.30000305175781,69.0,68.16999816894531,68.88999938964844,65.59180450439453,10180000.0
2023-01-27 00:00:00+00:00,68.73999786376953,69.19000244140625,68.47000122070312,68.88999938964844,65.59180450439453,7712900.0
2023-01-30 00:00:00+00:00,68.63999938964844,69.36000061035156,68.52999877929688,68.58000183105469,65.2966537475586,7780500.0
2023-01-31 00:00:00+00:00,68.7699966430664,69.11000061035156,67.95999908447266,69.08999633789062,65.78224182128906,9721200.0
2023-02-01 00:00:00+00:00,68.76000213623047,69.69999694824219,68.2699966430664,69.20999908447266,65.89649963378906,15472300.0
2023-02-02 00:00:00+00:00,69.25,70.12999725341797,68.70999908447266,69.36000061035156,66.03931427001953,12498500.0
2023-02-03 00:00:00+00:00,68.73999786376953,69.01000213623047,67.0,67.91000366210938,64.65872955322266,12681100.0
2023-02-06 00:00:00+00:00,67.66000366210938,68.55000305175781,67.54000091552734,68.48999786376953,65.2109603881836,15707100.0
2023-02-07 00:00:00+00:00,68.18000030517578,68.68000030517578,67.51000213623047,68.45999908447266,65.1823959350586,10562200.0
2023-02-08 00:00:00+00:00,68.05999755859375,68.08999633789062,66.97000122070312,67.30999755859375,64.08745574951172,11235700.0
2023-02-09 00:00:00+00:00,67.47000122070312,67.83999633789062,66.27999877929688,66.38999938964844,63.21150207519531,10357600.0
2023-02-10 00:00:00+00:00,66.45999908447266,67.7699966430664,66.37999725341797,67.70999908447266,64.46830749511719,15481700.0
2023-02-13 00:00:00+00:00,67.73999786376953,68.29000091552734,67.73999786376953,68.12000274658203,64.85868835449219,8091900.0
2023-02-14 00:00:00+00:00,68.05000305175781,68.5199966430664,67.47000122070312,67.83000183105469,64.58257293701172,7075200.0
2023-02-15 00:00:00+00:00,67.44000244140625,68.31999969482422,67.44000244140625,68.2699966430664,65.00149536132812,5510000.0
2023-02-16 00:00:00+00:00,67.5999984741211,68.06999969482422,67.02999877929688,67.75,64.50639343261719,9199800.0
2023-02-17 00:00:00+00:00,67.7699966430664,68.80000305175781,67.41000366210938,68.4800033569336,65.20145416259766,10936600.0
2023-02-20 00:00:00+00:00,,,,,,
2023-02-21 00:00:00+00:00,67.9800033569336,68.16999816894531,67.1500015258789,67.19999694824219,63.98271942138672,8484500.0
2023-02-22 00:00:00+00:00,67.19000244140625,67.70999908447266,66.76000213623047,66.94000244140625,63.735172271728516,13375100.0
2023-02-23 00:00:00+00:00,67.23999786376953,67.23999786376953,66.30000305175781,66.58999633789062,63.40192413330078,10703300.0
2023-02-24 00:00:00+00:00,66.01000213623047,66.8499984741211,65.73999786376953,66.61000061035156,63.42097473144531,11575200.0
2023-02-27 00:00:00+00:00,66.94000244140625,67.58000183105469,66.0199966430664,66.16000366210938,62.992530822753906,10860300.0
2023-02-28 00:00:00+00:00,65.86000061035156,66.18000030517578,65.0,65.0,61.888057708740234,20575900.0
2023-03-01 00:00:00+00:00,64.66000366210938,64.72000122070312,63.630001068115234,63.93000030517578,60.86928176879883,23638000.0
2023-03-02 00:00:00+00:00,63.84000015258789,65.18000030517578,63.75,65.13999938964844,62.0213508605957,15344300.0
2023-03-03 00:00:00+00:00,65.4000015258789,66.29000091552734,64.76000213623047,66.25,63.07820510864258,15087600.0
2023-03-06 00:00:00+00:00,66.29000091552734,66.7699966430664,66.19999694824219,66.56999969482422,63.382877349853516,12121600.0
2023-03-07 00:00:00+00:00,66.62999725341797,66.80000305175781,65.16000366210938,65.4800033569336,62.3450813293457,12027600.0
2023-03-08 00:00:00+00:00,65.45999908447266,66.11000061035156,65.20999908447266,65.9800033569336,62.821136474609375,13703700.0
2023-03-09 00:00:00+00:00,66.16000366210938,66.7699966430664,65.2300033569336,65.44999694824219,62.31650161743164,17033600.0
2023-03-10 00:00:00+00:00,65.7699966430664,65.7699966430664,64.08999633789062,64.41999816894531,61.335819244384766,20833200.0
2023-03-13 00:00:00+00:00,64.33999633789062,66.8499984741211,64.25,65.41000366210938,62.27842712402344,33835600.0
2023-03-14 00:00:00+00:00,65.9000015258789,66.80999755859375,65.62000274658203,66.2699966430664,63.09724426269531,17559200.0
2023-03-15 00:00:00+00:00,66.08000183105469,67.5999984741211,65.76000213623047,67.16999816894531,63.95416259765625,24168400.0
2023-03-16 00:00:00+00:00,66.91999816894531,68.01000213623047,66.66000366210938,67.62000274658203,64.38260650634766,15823400.0
2023-03-17 00:00:00+00:00,67.45999908447266,67.5999984741211,66.47000122070312,66.97000122070312,63.76373291015625,17907300.0
2023-03-20 00:00:00+00:00,66.58000183105469,67.22000122070312,66.55999755859375,67.0,64.26248168945312,19419000.0
2023-03-21 00:00:00+00:00,67.11000061035156,67.19000244140625,64.7699966430664,65.6500015258789,62.96764373779297,25932500.0
2023-03-22 00:00:00+00:00,65.55999755859375,65.91000366210938,64.33000183105469,64.36000061035156,61.73035430908203,17896600.0
2023-03-23 00:00:00+00:00,64.37999725341797,65.0,63.380001068115234,63.70000076293945,61.097320556640625,16884500.0
2023-03-24 00:00:00+00:00,63.77000045776367,65.70999908447266,63.709999084472656,65.69000244140625,63.00601577758789,18056000.0
2023-03-27 00:00:00+00:00,65.88999938964844,66.36000061035156,65.58999633789062,65.7699966430664,63.082740783691406,14136900.0
2023-03-28 00:00:00+00:00,65.61000061035156,66.6500015258789,65.61000061035156,65.94999694824219,63.25538635253906,11019400.0
2023-03-29 00:00:00+00:00,66.30000305175781,67.0199966430664,66.30000305175781,66.91000366210938,64.1761703491211,9903900.0
2023-03-30 00:00:00+00:00,67.06999969482422,67.52999877929688,66.81999969482422,67.19999694824219,64.45431518554688,10292800.0
2023-03-31 00:00:00+00:00,67.41999816894531,67.72000122070312,67.02999877929688,67.69000244140625,64.92430114746094,11722000.0
2023-04-03 00:00:00+00:00,67.44000244140625,67.7300033569336,66.8499984741211,67.2300033569336,64.48309326171875,12035700.0
2023-04-04 00:00:00+00:00,67.19000244140625,67.69000244140625,67.01000213623047,67.56999969482422,64.80919647216797,10806900.0
2023-04-05 00:00:00+00:00,67.86000061035156,69.51000213623047,67.8499984741211,69.31999969482422,66.48770141601562,18837200.0
2023-04-06 00:00:00+00:00,69.87999725341797,69.95999908447266,69.0999984741211,69.80999755859375,66.95767211914062,16675200.0
2023-04-07 00:00:00+00:00,,,,,,
2023-04-10 00:00:00+00:00,69.41000366210938,69.69000244140625,68.72000122070312,69.66999816894531,66.82339477539062,10231500.0
2023-04-11 00:00:00+00:00,69.56999969482422,69.93000030517578,69.38999938964844,69.7300033569336,66.88094329833984,8637000.0
2023-04-12 00:00:00+00:00,69.86000061035156,70.16000366210938,69.41000366210938,69.66000366210938,66.81381225585938,12554600.0
2023-04-13 00:00:00+00:00,69.3499984741211,69.86000061035156,68.3499984741211,69.66999816894531,66.82339477539062,16446200.0
2023-04-14 00:00:00+00:00,69.16000366210938,69.30000305175781,68.56999969482422,68.88999938964844,66.07527160644531,9064700.0
2023-04-17 00:00:00+00:00,69.01000213623047,69.38999938964844,68.58000183105469,69.2699966430664,66.43972778320312,7806900.0
2023-04-18 00:00:00+00:00,69.30000305175781,69.44000244140625,68.6500015258789,68.91000366210938,66.09445190429688,7783100.0
2023-04-19 00:00:00+00:00,69.08000183105469,69.6500015258789,68.9800033569336,69.44000244140625,66.60279846191406,10317300.0
2023-04-20 00:00:00+00:00,69.5,69.69000244140625,69.01000213623047,69.41999816894531,66.58360290527344,7368700.0
2023-04-21 00:00:00+00:00,69.87000274658203,70.11000061035156,69.20999908447266,69.62000274658203,66.77543640136719,7037800.0
2023-04-24 00:00:00+00:00,69.5999984741211,70.08999633789062,69.18000030517578,69.97000122070312,67.11115264892578,6789500.0
2023-04-25 00:00:00+00:00,69.70999908447266,70.27999877929688,69.69000244140625,69.9000015258789,67.04400634765625,10251600.0
2023-04-26 00:00:00+00:00,69.36000061035156,69.58000183105469,68.18000030517578,68.26000213623047,65.47101593017578,14756900.0
2023-04-27 00:00:00+00:00,68.45999908447266,69.13999938964844,68.4000015258789,69.08000183105469,66.25750732421875,12466700.0
2023-04-28 00:00:00+00:00,68.87999725341797,69.38999938964844,68.55000305175781,68.9800033569336,66.16159057617188,12123400.0
2023-05-01 00:00:00+00:00,68.81999969482422,69.7699966430664,68.76000213623047,69.0999984741211,66.27669525146484,10508100.0
2023-05-02 00:00:00+00:00,69.04000091552734,69.22000122070312,67.87000274658203,68.26000213623047,65.47101593017578,11465500.0
2023-05-03 00:00:00+00:00,68.63999938964844,69.05000305175781,67.98999786376953,68.06999969482422,65.28876495361328,11857200.0
2023-05-04 00:00:00+00:00,68.19000244140625,68.86000061035156,67.55000305175781,68.58999633789062,65.78751373291016,14631100.0
2023-05-05 00:00:00+00:00,68.36000061035156,69.19999694824219,68.36000061035156,69.02999877929688,66.20954895019531,11416600.0
2023-05-08 00:00:00+00:00,68.95999908447266,69.45999908447266,68.58999633789062,68.81999969482422,66.00812530517578,8286700.0
2023-05-09 00:00:00+00:00,68.66000366210938,68.91000366210938,68.23999786376953,68.7300033569336,65.92181396484375,10281100.0
2023-05-10 00:00:00+00:00,69.16000366210938,69.54000091552734,68.66000366210938,69.36000061035156,66.52606201171875,10708300.0
2023-05-11 00:00:00+00:00,69.4000015258789,69.41999816894531,68.33000183105469,68.6500015258789,65.84507751464844,14874100.0
2023-05-12 00:00:00+00:00,69.02999877929688,69.47000122070312,68.62000274658203,69.02999877929688,66.20954895019531,11874100.0
2023-05-15 00:00:00+00:00,69.29000091552734,69.38999938964844,67.87999725341797,68.16000366210938,65.3750991821289,13185100.0
2023-05-16 00:00:00+00:00,68.08000183105469,68.20999908447266,66.61000061035156,66.6500015258789,63.926788330078125,14004000.0
2023-05-17 00:00:00+00:00,66.86000061035156,66.87999725341797,66.12999725341797,66.41000366210938,63.69660186767578,17088300.0
2023-05-18 00:00:00+00:00,66.0999984741211,66.27999877929688,65.62999725341797,66.20999908447266,63.50476837158203,16167800.0
2023-05-19 00:00:00+00:00,66.5199966430664,66.88999938964844,66.06999969482422,66.11000061035156,63.408851623535156,12472000.0
2023-05-22 00:00:00+00:00,66.27999877929688,66.62000274658203,65.88999938964844,66.12999725341797,63.42803955078125,9494700.0
2023-05-23 00:00:00+00:00,65.87999725341797,66.55000305175781,65.72000122070312,65.9000015258789,63.20743942260742,12064000.0
2023-05-24 00:00:00+00:00,65.80999755859375,66.05000305175781,65.36000061035156,65.47000122070312,62.79500961303711,11563800.0
2023-05-25 00:00:00+00:00,65.3499984741211,65.37999725341797,64.12999725341797,64.58999633789062,61.950958251953125,16126100.0
2023-05-26 00:00:00+00:00,64.48999786376953,64.63999938964844,63.93000030517578,64.58999633789062,61.950958251953125,16593900.0
2023-05-29 00:00:00+00:00,,,,,,
2023-05-30 00:00:00+00:00,64.69999694824219,65.02999877929688,64.23999786376953,64.33999633789062,61.7111701965332,15582900.0
2023-05-31 00:00:00+00:00,64.37000274658203,65.22000122070312,63.959999084472656,64.93000030517578,62.277069091796875,17133100.0
2023-06-01 00:00:00+00:00,65.05000305175781,65.13999938964844,64.05000305175781,64.44999694824219,61.81667709350586,18653200.0
2023-06-02 00:00:00+00:00,64.12000274658203,65.37000274658203,63.970001220703125,65.12000274658203,62.45930480957031,23045800.0
2023-06-05 00:00:00+00:00,65.26000213623047,66.13999938964844,65.12000274658203,65.43000030517578,62.75664138793945,12044500.0
2023-06-06 00:00:00+00:00,65.7300033569336,65.83999633789062,65.19999694824219,65.37999725341797,62.708675384521484,12861600.0
2023-06-07 00:00:00+00:00,65.43000030517578,66.6500015258789,65.02999877929688,66.48999786376953,63.77332305908203,19264800.0
2023-06-08 00:00:00+00:00,66.47000122070312,66.87999725341797,65.97000122070312,66.77999877929688,64.05147552490234,14659100.0
2023-06-09 00:00:00+00:00,66.80000305175781,66.8499984741211,66.3499984741211,66.38999938964844,63.67741775512695,13316300.0
2023-06-12 00:00:00+00:00,66.44000244140625,66.62000274658203,66.0,66.2699966430664,63.56230926513672,11483700.0
2023-06-13 00:00:00+00:00,65.87000274658203,66.48999786376953,65.76000213623047,66.26000213623047,63.55271911621094,11868600.0
2023-06-14 00:00:00+00:00,66.5,67.01000213623047,66.08999633789062,66.22000122070312,63.514366149902344,14023600.0
2023-06-15 00:00:00+00:00,66.47000122070312,67.0999984741211,66.33000183105469,66.94000244140625,64.20494079589844,13701200.0
2023-06-16 00:00:00+00:00,67.0999984741211,67.83999633789062,67.05000305175781,67.30000305175781,64.55023193359375,13685100.0
2023-06-19 00:00:00+00:00,,,,,,
2023-06-20 00:00:00+00:00,66.56999969482422,66.70999908447266,65.91000366210938,65.9800033569336,63.793190002441406,12925400.0
2023-06-21 00:00:00+00:00,65.75,66.58000183105469,65.02999877929688,66.51000213623047,64.30562591552734,10722700.0
2023-06-22 00:00:00+00:00,66.76000213623047,66.88999938964844,65.80999755859375,66.0,63.81251907348633,10000400.0
2023-06-23 00:00:00+00:00,66.19000244140625,66.41999816894531,64.94000244140625,65.02999877929688,62.874671936035156,12719600.0
2023-06-26 00:00:00+00:00,65.13999938964844,65.87000274658203,64.88999938964844,65.66999816894531,63.49346160888672,10267600.0
2023-06-27 00:00:00+00:00,65.72000122070312,65.91999816894531,65.4800033569336,65.69000244140625,63.51279830932617,8510400.0
2023-06-28 00:00:00+00:00,65.66999816894531,65.66999816894531,64.55000305175781,64.72000122070312,62.574947357177734,14723800.0
2023-06-29 00:00:00+00:00,64.20999908447266,65.08000183105469,64.06999969482422,64.72000122070312,62.574947357177734,14653900.0
2023-06-30 00:00:00+00:00,64.80999755859375,65.51000213623047,64.77999877929688,65.44000244140625,63.271087646484375,13926600.0
2023-07-03 00:00:00+00:00,65.30000305175781,65.95999908447266,65.08000183105469,65.93000030517578,63.744850158691406,8164600.0
2023-07-04 00:00:00+00:00,,,,,,
2023-07-05 00:00:00+00:00,65.69999694824219,67.18000030517578,65.61000061035156,66.68000030517578,64.46998596191406,19169000.0
2023-07-06 00:00:00+00:00,66.1500015258789,66.33999633789062,65.51000213623047,65.87000274658203,63.686832427978516,15422800.0
2023-07-07 00:00:00+00:00,65.44000244140625,65.8499984741211,65.22000122070312,65.38999938964844,63.22274398803711,12892500.0
2023-07-10 00:00:00+00:00,65.27999877929688,65.5,64.58999633789062,65.11000061035156,62.95201873779297,12410100.0
2023-07-11 00:00:00+00:00,65.23999786376953,65.94000244140625,65.0,65.91999816894531,63.735172271728516,11437200.0
2023-07-12 00:00:00+00:00,66.12000274658203,66.95999908447266,66.0,66.87999725341797,64.6633529663086,13327500.0
2023-07-13 00:00:00+00:00,66.87999725341797,67.12999725341797,66.63999938964844,67.11000061035156,64.88572692871094,9917700.0
2023-07-14 00:00:00+00:00,66.94000244140625,67.13999938964844,66.47000122070312,66.8499984741211,64.63434600830078,10141200.0
2023-07-17 00:00:00+00:00,66.62999725341797,66.77999877929688,66.05000305175781,66.08000183105469,63.88987731933594,10630400.0
2023-07-18 00:00:00+00:00,66.0199966430664,66.58999633789062,64.98999786376953,65.56999969482422,63.39677047729492,18132900.0
2023-07-19 00:00:00+00:00,65.62000274658203,66.62999725341797,65.62000274658203,66.23999786376953,64.04456329345703,13577000.0
2023-07-20 00:00:00+00:00,66.41999816894531,67.55000305175781,66.08000183105469,67.44999694824219,65.2144546508789,16664500.0
2023-07-21 00:00:00+00:00,67.72000122070312,68.7300033569336,67.5999984741211,68.45999908447266,66.19098663330078,18372500.0
2023-07-24 00:00:00+00:00,68.55999755859375,68.68000030517578,67.95999908447266,68.27999877929688,66.01695251464844,13242300.0
2023-07-25 00:00:00+00:00,68.19999694824219,68.61000061035156,67.98999786376953,68.4000015258789,66.13298034667969,8350800.0
2023-07-26 00:00:00+00:00,68.22000122070312,69.16000366210938,68.08000183105469,68.4000015258789,66.13298034667969,11579100.0
2023-07-27 00:00:00+00:00,68.12999725341797,68.41999816894531,67.05000305175781,67.19000244140625,64.96308135986328,16065100.0
2023-07-28 00:00:00+00:00,67.62999725341797,67.9000015258789,66.70999908447266,67.04000091552734,64.81805419921875,13216100.0
2023-07-31 00:00:00+00:00,67.30999755859375,67.58000183105469,66.76000213623047,67.06999969482422,64.84705352783203,12523500.0
2023-08-01 00:00:00+00:00,66.98999786376953,67.33999633789062,66.20999908447266,66.25,64.05422973632812,13459800.0
2023-08-02 00:00:00+00:00,65.9800033569336,66.55999755859375,65.87000274658203,66.25,64.05422973632812,15167500.0
2023-08-03 00:00:00+00:00,66.05000305175781,66.0999984741211,64.68000030517578,64.73999786376953,62.59428024291992,20633200.0
2023-08-04 00:00:00+00:00,64.91000366210938,65.33000183105469,63.709999084472656,63.9900016784668,61.869140625,18247000.0
2023-08-07 00:00:00+00:00,64.2300033569336,64.52999877929688,63.959999084472656,63.97999954223633,61.859474182128906,12565900.0
2023-08-08 00:00:00+00:00,63.970001220703125,64.30999755859375,63.380001068115234,64.27999877929688,62.149532318115234,15175100.0
2023-08-09 00:00:00+00:00,64.25,64.98999786376953,64.13999938964844,64.41999816894531,62.284889221191406,13193700.0
2023-08-10 00:00:00+00:00,64.68000030517578,65.06999969482422,64.02999877929688,64.22000122070312,62.09151840209961,13692200.0
2023-08-11 00:00:00+00:00,64.27999877929688,64.66000366210938,64.08000183105469,64.56999969482422,62.42991638183594,12168100.0
2023-08-14 00:00:00+00:00,64.52999877929688,64.56999969482422,63.779998779296875,64.05999755859375,61.93681716918945,10774800.0
2023-08-15 00:00:00+00:00,63.689998626708984,63.720001220703125,62.97999954223633,63.02000045776367,60.93128967285156,15189500.0
2023-08-16 00:00:00+00:00,63.290000915527344,63.58000183105469,63.04999923706055,63.29999923706055,61.20201110839844,12514200.0
2023-08-17 00:00:00+00:00,63.369998931884766,63.9900016784668,63.130001068115234,63.15999984741211,61.066646575927734,11876400.0
2023-08-18 00:00:00+00:00,63.150001525878906,63.63999938964844,63.09000015258789,63.4900016784668,61.38571548461914,12837800.0
2023-08-21 00:00:00+00:00,63.29999923706055,63.470001220703125,62.59000015258789,63.09000015258789,60.99897003173828,12081000.0
2023-08-22 00:00:00+00:00,63.04999923706055,63.45000076293945,62.810001373291016,63.27000045776367,61.173004150390625,13531100.0
2023-08-23 00:00:00+00:00,63.61000061035156,63.68000030517578,63.08000183105469,63.52000045776367,61.41471862792969,13386000.0
2023-08-24 00:00:00+00:00,63.40999984741211,64.27999877929688,63.09000015258789,63.150001525878906,61.05698013305664,12966900.0
2023-08-25 00:00:00+00:00,63.2400016784668,63.95000076293945,63.20000076293945,63.630001068115234,61.52107620239258,12490500.0
2023-08-28 00:00:00+00:00,63.7400016784668,64.08999633789062,63.4900016784668,63.619998931884766,61.51140213012695,8663200.0
2023-08-29 00:00:00+00:00,63.70000076293945,64.05000305175781,63.439998626708984,63.86000061035156,61.74345397949219,11873100.0
2023-08-30 00:00:00+00:00,63.650001525878906,64.06999969482422,63.33000183105469,63.56999969482422,61.46306228637695,11240400.0
2023-08-31 00:00:00+00:00,63.81999969482422,63.880001068115234,62.939998626708984,62.959999084472656,60.87327575683594,13771100.0
2023-09-01 00:00:00+00:00,63.290000915527344,63.5099983215332,62.150001525878906,62.63999938964844,60.56388473510742,14387700.0
2023-09-04 00:00:00+00:00,,,,,,
2023-09-05 00:00:00+00:00,62.599998474121094,62.63999938964844,61.34000015258789,61.68000030517578,59.63570022583008,18825300.0
2023-09-06 00:00:00+00:00,61.77000045776367,61.88999938964844,61.41999816894531,61.81999969482422,59.77106475830078,19470100.0
2023-09-07 00:00:00+00:00,62.349998474121094,63.130001068115234,62.189998626708984,62.630001068115234,60.55421829223633,16874300.0
2023-09-08 00:00:00+00:00,62.7400016784668,63.290000915527344,62.540000915527344,63.18000030517578,61.08598709106445,16260700.0
2023-09-11 00:00:00+00:00,63.11000061035156,63.77000045776367,63.09000015258789,63.439998626708984,61.337371826171875,13511800.0
2023-09-12 00:00:00+00:00,63.43000030517578,63.70000076293945,63.0099983215332,63.52000045776367,61.41471862792969,11047400.0
2023-09-13 00:00:00+00:00,63.54999923706055,64.56999969482422,63.54999923706055,64.27999877929688,62.149532318115234,15060400.0
2023-09-14 00:00:00+00:00,64.68000030517578,65.26000213623047,64.58999633789062,65.22000122070312,63.058372497558594,13100500.0
2023-09-15 00:00:00+00:00,65.11000061035156,65.61000061035156,64.87000274658203,64.94000244140625,62.787654876708984,17398700.0
2023-09-18 00:00:00+00:00,64.45999908447266,64.58000183105469,63.91999816894531,64.37000274658203,62.740867614746094,9567500.0
2023-09-19 00:00:00+00:00,64.31999969482422,64.55000305175781,64.0,64.0199966430664,62.39971923828125,12444500.0
2023-09-20 00:00:00+00:00,64.27999877929688,64.75,63.88999938964844,64.08000183105469,62.45820999145508,9368000.0
2023-09-21 00:00:00+00:00,64.02999877929688,64.1500015258789,63.380001068115234,63.40999984741211,61.8051643371582,12814300.0
2023-09-22 00:00:00+00:00,63.130001068115234,63.709999084472656,62.869998931884766,63.290000915527344,61.688201904296875,12297700.0
2023-09-25 00:00:00+00:00,62.91999816894531,63.25,62.540000915527344,63.20000076293945,61.60047912597656,12364900.0
2023-09-26 00:00:00+00:00,62.939998626708984,63.0099983215332,61.13999938964844,61.310001373291016,59.7583122253418,23416700.0
2023-09-27 00:00:00+00:00,61.189998626708984,61.34000015258789,59.970001220703125,60.130001068115234,58.608177185058594,26021100.0
2023-09-28 00:00:00+00:00,60.36000061035156,60.47999954223633,58.7400016784668,58.83000183105469,57.34107971191406,38594900.0
2023-09-29 00:00:00+00:00,59.34000015258789,59.81999969482422,58.61000061035156,58.93000030517578,57.43854904174805,22865000.0
2023-10-02 00:00:00+00:00,58.59000015258789,58.59000015258789,55.52000045776367,56.189998626708984,54.76789093017578,55822700.0
2023-10-03 00:00:00+00:00,55.75,57.029998779296875,54.93000030517578,56.84000015258789,55.40144348144531,57618200.0
2023-10-04 00:00:00+00:00,57.130001068115234,57.2400016784668,55.88999938964844,56.779998779296875,55.34296417236328,29498600.0
2023-10-05 00:00:00+00:00,56.630001068115234,56.79999923706055,55.900001525878906,56.45000076293945,55.02131271362305,28145000.0
2023-10-06 00:00:00+00:00,55.75,57.38999938964844,54.77000045776367,57.25,55.801063537597656,34101100.0
2023-10-09 00:00:00+00:00,57.150001525878906,57.81999969482422,56.90999984741211,57.81999969482422,56.35663986206055,20243800.0
2023-10-10 00:00:00+00:00,57.81999969482422,58.63999938964844,57.81999969482422,58.61000061035156,57.12664794921875,30707200.0
2023-10-11 00:00:00+00:00,58.939998626708984,59.61000061035156,58.52000045776367,59.560001373291016,58.05260467529297,26673700.0
2023-10-12 00:00:00+00:00,59.2599983215332,59.61000061035156,58.11000061035156,58.63999938964844,57.15589141845703,27543300.0
2023-10-13 00:00:00+00:00,59.029998779296875,59.68000030517578,58.880001068115234,59.29999923706055,57.7991828918457,19784400.0
2023-10-16 00:00:00+00:00,59.41999816894531,60.130001068115234,58.959999084472656,59.90999984741211,58.39374542236328,19777400.0
2023-10-17 00:00:00+00:00,59.400001525878906,60.130001068115234,59.310001373291016,59.75,58.23779296875,18480200.0
2023-10-18 00:00:00+00:00,59.689998626708984,60.04999923706055,58.849998474121094,59.22999954223633,57.730953216552734,23363500.0
2023-10-19 00:00:00+00:00,59.040000915527344,59.59000015258789,58.599998474121094,58.63999938964844,57.15589141845703,19681900.0
2023-10-20 00:00:00+00:00,58.5,59.06999969482422,58.02000045776367,58.029998779296875,56.56132888793945,20022000.0
2023-10-23 00:00:00+00:00,57.5,58.369998931884766,57.040000915527344,57.540000915527344,56.0837287902832,20520600.0
2023-10-24 00:00:00+00:00,58.40999984741211,59.2599983215332,58.22999954223633,59.02000045776367,57.526268005371094,23597200.0
2023-10-25 00:00:00+00:00,58.91999816894531,59.470001220703125,58.68000030517578,59.349998474121094,57.84791564941406,20654700.0
2023-10-26 00:00:00+00:00,59.5099983215332,60.38999938964844,59.4900016784668,59.86000061035156,58.345008850097656,23587300.0
2023-10-27 00:00:00+00:00,59.599998474121094,59.939998626708984,58.54999923706055,58.72999954223633,57.24360656738281,20251200.0
2023-10-30 00:00:00+00:00,58.97999954223633,59.56999969482422,58.529998779296875,59.18000030517578,57.682220458984375,14269600.0
2023-10-31 00:00:00+00:00,59.41999816894531,59.75,59.0,59.689998626708984,58.17931365966797,10682300.0
2023-11-01 00:00:00+00:00,59.77000045776367,60.72999954223633,59.189998626708984,60.369998931884766,58.84210205078125,23261500.0
2023-11-02 00:00:00+00:00,60.5,61.81999969482422,60.400001525878906,61.5,59.943504333496094,25550100.0
2023-11-03 00:00:00+00:00,62.56999969482422,62.650001525878906,61.84000015258789,61.86000061035156,60.29439163208008,22573600.0
2023-11-06 00:00:00+00:00,61.970001220703125,62.16999816894531,61.63999938964844,61.70000076293945,60.13844680786133,19120000.0
2023-11-07 00:00:00+00:00,61.72999954223633,61.810001373291016,61.150001525878906,61.25,59.699832916259766,18842300.0
2023-11-08 00:00:00+00:00,60.9900016784668,61.0099983215332,60.119998931884766,60.79999923706055,59.2612190246582,21647800.0
2023-11-09 00:00:00+00:00,60.90999984741211,61.099998474121094,59.970001220703125,60.0,58.481468200683594,16097800.0
2023-11-10 00:00:00+00:00,60.27000045776367,60.4900016784668,59.91999816894531,60.31999969482422,58.79336929321289,14015100.0
2023-11-13 00:00:00+00:00,60.189998626708984,60.33000183105469,59.5099983215332,59.599998474121094,58.09158706665039,15579800.0
2023-11-14 00:00:00+00:00,60.939998626708984,62.029998779296875,60.81999969482422,61.97999954223633,60.411354064941406,28659100.0
2023-11-15 00:00:00+00:00,61.810001373291016,62.689998626708984,61.650001525878906,61.790000915527344,60.22616195678711,24831400.0
2023-11-16 00:00:00+00:00,62.29999923706055,62.619998931884766,62.06999969482422,62.119998931884766,60.547813415527344,17325200.0
2023-11-17 00:00:00+00:00,62.459999084472656,62.529998779296875,61.95000076293945,62.290000915527344,60.71350860595703,11939500.0
2023-11-20 00:00:00+00:00,62.0,62.34000015258789,61.279998779296875,62.099998474121094,60.528316497802734,14158300.0
2023-11-21 00:00:00+00:00,62.04999923706055,62.36000061035156,61.650001525878906,62.22999954223633,60.655029296875,10144200.0
2023-11-22 00:00:00+00:00,62.45000076293945,62.54999923706055,61.939998626708984,62.529998779296875,60.94743728637695,8959800.0
2023-11-23 00:00:00+00:00,,,,,,
2023-11-24 00:00:00+00:00,62.52000045776367,62.70000076293945,62.279998779296875,62.689998626708984,61.10338592529297,4899300.0
2023-11-27 00:00:00+00:00,62.7400016784668,62.91999816894531,62.290000915527344,62.790000915527344,61.20085525512695,12416600.0
2023-11-28 00:00:00+00:00,62.79999923706055,63.45000076293945,62.54999923706055,62.9900016784668,61.39579772949219,14707600.0
2023-11-29 00:00:00+00:00,63.0099983215332,63.2599983215332,62.27000045776367,62.4900016784668,60.908451080322266,17903200.0
2023-11-30 00:00:00+00:00,62.66999816894531,62.84000015258789,62.2400016784668,62.7599983215332,61.17161560058594,15241800.0
2023-12-01 00:00:00+00:00,62.790000915527344,63.540000915527344,62.380001068115234,63.529998779296875,61.92212677001953,14671100.0
2023-12-04 00:00:00+00:00,63.22999954223633,63.810001373291016,62.959999084472656,63.279998779296875,61.6784553527832,15257900.0
2023-12-05 00:00:00+00:00,63.34000015258789,63.349998474121094,62.58000183105469,62.83000183105469,61.239845275878906,11268300.0
2023-12-06 00:00:00+00:00,63.11000061035156,63.689998626708984,63.02000045776367,63.66999816894531,62.0585823059082,13408900.0
2023-12-07 00:00:00+00:00,63.7599983215332,63.9900016784668,63.2400016784668,63.529998779296875,61.92212677001953,10938300.0
2023-12-08 00:00:00+00:00,63.43000030517578,63.70000076293945,62.939998626708984,63.40999984741211,61.8051643371582,12001400.0
2023-12-11 00:00:00+00:00,63.08000183105469,63.900001525878906,63.08000183105469,63.81999969482422,62.20478820800781,11224400.0
2023-12-12 00:00:00+00:00,63.90999984741211,63.939998626708984,63.06999969482422,63.560001373291016,61.95137023925781,10884100.0
2023-12-13 00:00:00+00:00,63.630001068115234,65.95999908447266,63.290000915527344,65.95999908447266,64.29061889648438,21726000.0
2023-12-14 00:00:00+00:00,66.36000061035156,66.69999694824219,64.97000122070312,65.0999984741211,63.452388763427734,32484100.0
2023-12-15 00:00:00+00:00,64.44999694824219,64.77999877929688,63.5,63.970001220703125,62.350990295410156,26563700.0
2023-12-18 00:00:00+00:00,63.54999923706055,63.90999984741211,63.099998474121094,63.22999954223633,62.210296630859375,16253500.0
2023-12-19 00:00:00+00:00,63.45000076293945,63.66999816894531,63.18000030517578,63.59000015258789,62.564491271972656,12688900.0
2023-12-20 00:00:00+00:00,63.5099983215332,63.689998626708984,62.290000915527344,62.29999923706055,61.29529571533203,18325900.0
2023-12-21 00:00:00+00:00,62.5099983215332,62.84000015258789,61.970001220703125,62.40999984741211,61.40351867675781,15876800.0
2023-12-22 00:00:00+00:00,62.63999938964844,63.2400016784668,62.5,62.619998931884766,61.610130310058594,13223700.0
2023-12-25 00:00:00+00:00,,,,,,
2023-12-26 00:00:00+00:00,62.52000045776367,63.2400016784668,62.5,63.0,61.984004974365234,9537500.0
2023-12-27 00:00:00+00:00,62.880001068115234,63.08000183105469,62.63999938964844,62.959999084472656,61.94464874267578,9492200.0
2023-12-28 00:00:00+00:00,62.7599983215332,63.5,62.7599983215332,63.40999984741211,62.38739013671875,8673200.0
2023-12-29 00:00:00+00:00,63.27000045776367,63.459999084472656,62.90999984741211,63.33000183105469,62.308685302734375,11239000.0
2024-01-01 00:00:00+00:00,,,,,,
2024-01-02 00:00:00+00:00,63.060001373291016,64.4000015258789,62.93000030517578,64.25,63.21384811401367,15379300.0
2024-01-03 00:00:00+00:00,64.2300033569336,64.61000061035156,63.790000915527344,64.48999786376953,63.449974060058594,16433200.0
2024-01-04 00:00:00+00:00,64.55999755859375,64.9000015258789,64.20999908447266,64.29000091552734,63.253204345703125,13311200.0
2024-01-05 00:00:00+00:00,64.19999694824219,64.83999633789062,63.90999984741211,64.52999877929688,63.48932647705078,13595200.0
2024-01-08 00:00:00+00:00,64.38999938964844,65.0199966430664,64.19000244140625,65.0,63.95174789428711,11717200.0
2024-01-09 00:00:00+00:00,64.66000366210938,64.76000213623047,64.33000183105469,64.47000122070312,63.4302978515625,14402700.0
2024-01-10 00:00:00+00:00,64.47000122070312,64.76000213623047,64.2300033569336,64.45999908447266,63.42045974731445,10926900.0
2024-01-11 00:00:00+00:00,64.25,64.26000213623047,62.7599983215332,62.959999084472656,61.94464874267578,22176800.0
2024-01-12 00:00:00+00:00,63.380001068115234,63.58000183105469,63.06999969482422,63.31999969482422,62.29884719848633,9768700.0
2024-01-15 00:00:00+00:00,,,,,,
2024-01-16 00:00:00+00:00,63.0099983215332,63.18000030517578,62.47999954223633,62.630001068115234,61.61997604370117,15227000.0
2024-01-17 00:00:00+00:00,62.27000045776367,62.84000015258789,61.25,61.720001220703125,60.72465133666992,19589000.0
2024-01-18 00:00:00+00:00,61.40999984741211,61.470001220703125,60.709999084472656,61.060001373291016,60.07529067993164,19732000.0
2024-01-19 00:00:00+00:00,61.119998931884766,61.220001220703125,60.59000015258789,60.97999954223633,59.99658203125,14119400.0
2024-01-22 00:00:00+00:00,60.959999084472656,61.40999984741211,60.40999984741211,60.66999816894531,59.69157791137695,20838100.0
2024-01-23 00:00:00+00:00,60.689998626708984,60.970001220703125,60.41999816894531,60.779998779296875,59.799808502197266,20550100.0
2024-01-24 00:00:00+00:00,61.20000076293945,61.29999923706055,59.86000061035156,59.95000076293945,58.98319625854492,25439100.0
2024-01-25 00:00:00+00:00,60.75,61.040000915527344,60.18000030517578,61.029998779296875,60.0457763671875,25258400.0
2024-01-26 00:00:00+00:00,61.189998626708984,61.439998626708984,61.0099983215332,61.209999084472656,60.222869873046875,18326600.0
2024-01-29 00:00:00+00:00,61.25,61.84000015258789,60.88999938964844,61.599998474121094,60.6065788269043,13027200.0
2024-01-30 00:00:00+00:00,61.45000076293945,61.95000076293945,61.04999923706055,61.58000183105469,60.58690643310547,18054500.0
2024-01-31 00:00:00+00:00,62.09000015258789,62.36000061035156,61.099998474121094,61.45000076293945,60.45900344848633,29821200.0
2024-02-01 00:00:00+00:00,61.189998626708984,62.619998931884766,60.90999984741211,62.619998931884766,61.610130310058594,25753600.0
2024-02-02 00:00:00+00:00,61.90999984741211,62.09000015258789,61.060001373291016,61.4900016784668,60.49835968017578,25917700.0
2024-02-05 00:00:00+00:00,60.88999938964844,60.93000030517578,60.18000030517578,60.209999084472656,59.23899841308594,19947500.0
2024-02-06 00:00:00+00:00,60.18000030517578,60.630001068115234,59.9900016784668,60.43000030517578,59.45545196533203,13778500.0
2024-02-07 00:00:00+00:00,60.66999816894531,60.79999923706055,60.150001525878906,60.470001220703125,59.494808197021484,11874300.0
2024-02-08 00:00:00+00:00,60.20000076293945,60.33000183105469,59.52000045776367,60.040000915527344,59.071739196777344,20877700.0
2024-02-09 00:00:00+00:00,59.869998931884766,60.33000183105469,59.75,60.27000045776367,59.298030853271484,14823900.0
2024-02-12 00:00:00+00:00,60.27000045776367,61.02000045776367,60.119998931884766,60.970001220703125,59.98674774169922,12609500.0
2024-02-13 00:00:00+00:00,60.630001068115234,60.939998626708984,59.13999938964844,59.959999084472656,58.9930305480957,22701100.0
2024-02-14 00:00:00+00:00,60.18000030517578,60.43000030517578,59.84000015258789,60.290000915527344,59.317710876464844,17435900.0
2024-02-15 00:00:00+00:00,60.47999954223633,61.349998474121094,60.47999954223633,61.29999923706055,60.31142044067383,17340400.0
2024-02-16 00:00:00+00:00,61.0,61.52000045776367,60.630001068115234,61.22999954223633,60.242549896240234,14957100.0
2024-02-19 00:00:00+00:00,,,,,,
2024-02-20 00:00:00+00:00,61.119998931884766,61.88999938964844,61.060001373291016,61.189998626708984,60.20319366455078,11382000.0
2024-02-21 00:00:00+00:00,61.59000015258789,62.08000183105469,61.290000915527344,62.0,61.0001335144043,15785400.0
2024-02-22 00:00:00+00:00,61.5099983215332,61.779998779296875,61.04999923706055,61.52000045776367,60.52787399291992,15920800.0
2024-02-23 00:00:00+00:00,61.650001525878906,62.25,61.5,61.959999084472656,60.960777282714844,12286400.0
2024-02-26 00:00:00+00:00,61.65999984741211,61.70000076293945,60.630001068115234,60.7400016784668,59.76045608520508,12793500.0
2024-02-27 00:00:00+00:00,61.099998474121094,61.90999984741211,60.849998474121094,61.88999938964844,60.891902923583984,13743800.0
2024-02-28 00:00:00+00:00,61.81999969482422,62.16999816894531,61.68000030517578,62.08000183105469,61.07884216308594,11491800.0
2024-02-29 00:00:00+00:00,62.31999969482422,62.619998931884766,61.810001373291016,62.099998474121094,61.09851837158203,15337700.0
2024-03-01 00:00:00+00:00,61.90999984741211,61.91999816894531,60.959999084472656,61.720001220703125,60.72465133666992,21254100.0
2024-03-04 00:00:00+00:00,61.43000030517578,62.849998474121094,61.43000030517578,62.7599983215332,61.74787521362305,16510400.0
2024-03-05 00:00:00+00:00,62.95000076293945,63.970001220703125,62.31999969482422,62.58000183105469,61.570777893066406,24801400.0
2024-03-06 00:00:00+00:00,63.029998779296875,63.5,62.88999938964844,63.18000030517578,62.161102294921875,16326100.0
2024-03-07 00:00:00+00:00,63.70000076293945,63.86000061035156,63.470001220703125,63.59000015258789,62.564491271972656,10692100.0
2024-03-08 00:00:00+00:00,63.77000045776367,63.939998626708984,63.220001220703125,63.75,62.72190856933594,13755800.0
2024-03-11 00:00:00+00:00,63.65999984741211,64.20999908447266,63.41999816894531,64.06999969482422,63.03675079345703,10484100.0
2024-03-12 00:00:00+00:00,63.939998626708984,63.970001220703125,63.04999923706055,63.45000076293945,62.4267463684082,14744500.0
2024-03-13 00:00:00+00:00,63.95000076293945,64.44999694824219,63.7400016784668,63.880001068115234,62.849815368652344,12938900.0
2024-03-14 00:00:00+00:00,63.7400016784668,63.9900016784668,62.91999816894531,63.369998931884766,62.34803771972656,15934900.0
2024-03-15 00:00:00+00:00,63.16999816894531,63.79999923706055,63.11000061035156,63.459999084472656,62.436588287353516,17711800.0
2024-03-18 00:00:00+00:00,63.02000045776367,63.630001068115234,62.650001525878906,63.22999954223633,62.724266052246094,13421900.0
2024-03-19 00:00:00+00:00,63.380001068115234,63.849998474121094,63.20000076293945,63.790000915527344,63.279788970947266,9992700.0
2024-03-20 00:00:00+00:00,63.68000030517578,64.19999694824219,63.5099983215332,63.869998931884766,63.35914993286133,16310400.0
2024-03-21 00:00:00+00:00,64.04000091552734,64.47000122070312,63.7400016784668,63.77000045776367,63.25994873046875,20163900.0
2024-03-22 00:00:00+00:00,64.16999816894531,64.29000091552734,63.779998779296875,63.86000061035156,63.3492317199707,10529700.0
2024-03-25 00:00:00+00:00,64.04000091552734,64.19999694824219,63.77000045776367,64.16000366210938,63.64683532714844,11597100.0
2024-03-26 00:00:00+00:00,64.2300033569336,64.41999816894531,63.380001068115234,63.43000030517578,62.92266845703125,14915200.0
2024-03-27 00:00:00+00:00,63.900001525878906,65.19999694824219,63.83000183105469,65.19999694824219,64.67850494384766,17300200.0
2024-03-28 00:00:00+00:00,65.19000244140625,65.76000213623047,65.0199966430664,65.6500015258789,65.12491607666016,13746100.0
2024-03-29 00:00:00+00:00,,,,,,
2024-04-01 00:00:00+00:00,65.66000366210938,65.7300033569336,64.83000183105469,65.25,64.72811126708984,11351300.0
2024-04-02 00:00:00+00:00,65.0999984741211,65.73999786376953,65.06999969482422,65.36000061035156,64.83723449707031,15106200.0
2024-04-03 00:00:00+00:00,65.3499984741211,65.52999877929688,64.86000061035156,65.0999984741211,64.57930755615234,13287100.0
2024-04-04 00:00:00+00:00,65.61000061035156,65.80000305175781,64.52999877929688,64.97000122070312,64.45035552978516,14678400.0
2024-04-05 00:00:00+00:00,64.55000305175781,65.33000183105469,64.23999786376953,65.16000366210938,64.63883209228516,16158000.0
2024-04-08 00:00:00+00:00,65.16999816894531,65.69999694824219,65.08000183105469,65.58999633789062,65.06539154052734,10071300.0
2024-04-09 00:00:00+00:00,65.7300033569336,66.08000183105469,65.54000091552734,65.94999694824219,65.4225082397461,12012600.0
2024-04-10 00:00:00+00:00,64.62999725341797,65.06999969482422,64.25,64.81999969482422,64.30155181884766,19140300.0
2024-04-11 00:00:00+00:00,65.19000244140625,65.2699966430664,64.25,64.69000244140625,64.17259216308594,12810600.0
2024-04-12 00:00:00+00:00,64.80999755859375,65.0,63.88999938964844,64.19999694824219,63.68650817871094,19922400.0
2024-04-15 00:00:00+00:00,64.63999938964844,64.91000366210938,63.369998931884766,63.61000061035156,63.10123062133789,14703900.0
2024-04-16 00:00:00+00:00,63.40999984741211,63.47999954223633,62.54999923706055,62.77000045776367,62.267948150634766,16453800.0
2024-04-17 00:00:00+00:00,63.18000030517578,64.23999786376953,63.060001373291016,64.08000183105469,63.56747055053711,14076400.0
2024-04-18 00:00:00+00:00,64.30000305175781,64.66000366210938,63.83000183105469,64.44000244140625,63.924591064453125,11144300.0
2024-04-19 00:00:00+00:00,64.61000061035156,65.56999969482422,64.54000091552734,65.43000030517578,64.90666961669922,18500300.0
2024-04-22 00:00:00+00:00,65.47000122070312,66.20999908447266,65.0199966430664,66.02999877929688,65.50186920166016,11729300.0
2024-04-23 00:00:00+00:00,66.0,66.76000213623047,65.83999633789062,66.33999633789062,65.80938720703125,11169000.0
2024-04-24 00:00:00+00:00,65.73999786376953,66.95999908447266,65.41000366210938,66.73999786376953,66.20619201660156,13063500.0
2024-04-25 00:00:00+00:00,66.58000183105469,67.19000244140625,66.0,66.91999816894531,66.38475036621094,15781200.0
2024-04-26 00:00:00+00:00,66.91999816894531,67.01000213623047,66.16000366210938,66.19000244140625,65.66059875488281,12273700.0
2024-04-29 00:00:00+00:00,66.6500015258789,67.20999908447266,66.58999633789062,67.08999633789062,66.55339050292969,14684100.0
2024-04-30 00:00:00+00:00,66.72000122070312,67.26000213623047,66.27999877929688,66.73999786376953,66.20619201660156,14862400.0
2024-05-01 00:00:00+00:00,66.7300033569336,68.12000274658203,66.47000122070312,67.51000213623047,66.97003936767578,21185900.0
2024-05-02 00:00:00+00:00,67.79000091552734,68.04000091552734,67.25,67.87000274658203,67.32715606689453,14304700.0
2024-05-03 00:00:00+00:00,68.4000015258789,68.62999725341797,67.80000305175781,68.41000366210938,67.86283874511719,14908500.0
2024-05-06 00:00:00+00:00,68.62000274658203,68.83000183105469,68.19999694824219,68.76000213623047,68.21003723144531,10610700.0
2024-05-07 00:00:00+00:00,69.05000305175781,69.5999984741211,68.9000015258789,69.54000091552734,68.98380279541016,14404100.0
2024-05-08 00:00:00+00:00,69.38999938964844,70.30999755859375,69.22000122070312,70.2699966430664,69.70795440673828,13854100.0
2024-05-09 00:00:00+00:00,70.22000122070312,71.41000366210938,70.06999969482422,71.33999633789062,70.76940155029297,24274600.0
2024-05-10 00:00:00+00:00,71.73999786376953,71.8499984741211,71.06999969482422,71.2699966430664,70.69995880126953,19564600.0
2024-05-13 00:00:00+00:00,71.51000213623047,71.86000061035156,71.12999725341797,71.2699966430664,70.69995880126953,10609600.0
2024-05-14 00:00:00+00:00,71.58000183105469,71.68000030517578,71.05999755859375,71.45999908447266,70.88844299316406,11783200.0
2024-05-15 00:00:00+00:00,72.19999694824219,72.7300033569336,72.08000183105469,72.52999877929688,71.94988250732422,14588300.0
2024-05-16 00:00:00+00:00,72.56999969482422,72.91000366210938,72.16999816894531,72.27999877929688,71.7018814086914,12661200.0
2024-05-17 00:00:00+00:00,72.19000244140625,72.51000213623047,71.94000244140625,72.33999633789062,71.76139831542969,10857800.0
2024-05-20 00:00:00+00:00,72.5,72.5,72.05999755859375,72.22000122070312,71.64236450195312,6915200.0
2024-05-21 00:00:00+00:00,72.18000030517578,72.9000015258789,72.16000366210938,72.87000274658203,72.28717041015625,8131700.0
2024-05-22 00:00:00+00:00,72.47000122070312,72.72000122070312,71.94000244140625,72.01000213623047,71.43404388427734,10564400.0
2024-05-23 00:00:00+00:00,71.9000015258789,71.9000015258789,70.75,70.79000091552734,70.22380065917969,14359300.0
2024-05-24 00:00:00+00:00,70.97000122070312,71.77999877929688,70.83999633789062,71.5,70.9281234741211,8183400.0
2024-05-27 00:00:00+00:00,,,,,,
2024-05-28 00:00:00+00:00,71.56999969482422,71.86000061035156,71.27999877929688,71.43000030517578,70.85868072509766,8882600.0
2024-05-29 00:00:00+00:00,70.80999755859375,70.9000015258789,70.25,70.51000213623047,69.946044921875,14059300.0
2024-05-30 00:00:00+00:00,70.73999786376953,71.51000213623047,70.61000061035156,71.45999908447266,70.88844299316406,9081100.0
2024-05-31 00:00:00+00:00,71.69999694824219,72.79000091552734,71.38999938964844,72.72000122070312,72.13836669921875,12388800.0
2024-06-03 00:00:00+00:00,72.5999984741211,72.66999816894531,71.62999725341797,71.88999938964844,71.31500244140625,18457900.0
2024-06-04 00:00:00+00:00,71.70999908447266,72.11000061035156,71.06999969482422,71.86000061035156,71.28524017333984,14709800.0
2024-06-05 00:00:00+00:00,71.77999877929688,71.83999633789062,71.33000183105469,71.44999694824219,70.8785171508789,8960200.0
2024-06-06 00:00:00+00:00,71.29000091552734,71.70999908447266,70.61000061035156,70.70999908447266,70.14443969726562,9092400.0
2024-06-07 00:00:00+00:00,70.0999984741211,70.66000366210938,69.91999816894531,69.94000244140625,69.38059997558594,8143400.0
2024-06-10 00:00:00+00:00,69.93000030517578,70.95999908447266,69.75,70.83999633789062,70.27339935302734,9795700.0
2024-06-11 00:00:00+00:00,70.23999786376953,70.51000213623047,69.80999755859375,70.41000366210938,69.84684753417969,11347400.0
2024-06-12 00:00:00+00:00,71.30000305175781,71.30999755859375,69.72000122070312,69.94999694824219,69.39051818847656,12456100.0
2024-06-13 00:00:00+00:00,70.05999755859375,70.37000274658203,69.37999725341797,70.11000061035156,69.54924011230469,11487000.0
2024-06-14 00:00:00+00:00,69.69999694824219,70.02999877929688,69.41000366210938,69.94000244140625,69.38059997558594,10140300.0
2024-06-17 00:00:00+00:00,69.56999969482422,69.7300033569336,69.0999984741211,69.16999816894531,68.61676025390625,10513200.0
2024-06-18 00:00:00+00:00,68.61000061035156,69.22000122070312,68.55000305175781,69.19999694824219,68.64651489257812,12286800.0
2024-06-19 00:00:00+00:00,,,,,,
2024-06-20 00:00:00+00:00,69.41999816894531,69.94000244140625,69.19000244140625,69.80000305175781,69.2417221069336,13974000.0
2024-06-21 00:00:00+00:00,70.05999755859375,70.13999938964844,69.33999633789062,69.38999938964844,68.83499908447266,9495400.0
2024-06-24 00:00:00+00:00,68.81999969482422,69.97000122070312,68.7699966430664,69.73999786376953,69.73999786376953,8978400.0
2024-06-25 00:00:00+00:00,69.5999984741211,69.79000091552734,68.86000061035156,69.08000183105469,69.08000183105469,12549700.0
2024-06-26 00:00:00+00:00,68.81999969482422,68.94000244140625,68.37999725341797,68.79000091552734,68.79000091552734,6941000.0
2024-06-27 00:00:00+00:00,68.8499984741211,69.0,68.44000244140625,68.91000366210938,68.91000366210938,5449800.0
2024-06-28 00:00:00+00:00,68.91000366210938,69.0,67.81999969482422,68.13999938964844,68.13999938964844,11531500.0
2024-07-01 00:00:00+00:00,68.8499984741211,68.97000122070312,67.5999984741211,67.66999816894531,67.66999816894531,8378900.0
2024-07-02 00:00:00+00:00,67.83000183105469,68.1500015258789,67.72000122070312,68.0199966430664,68.0199966430664,8362100.0
2024-07-03 00:00:00+00:00,68.12000274658203,68.91000366210938,67.98999786376953,68.43000030517578,68.43000030517578,6620600.0
2024-07-04 00:00:00+00:00,,,,,,
2024-07-05 00:00:00+00:00,68.54000091552734,68.83999633789062,68.2300033569336,68.55000305175781,68.55000305175781,6915300.0
2024-07-08 00:00:00+00:00,68.61000061035156,68.83999633789062,68.36000061035156,68.62000274658203,68.62000274658203,6817200.0
2024-07-09 00:00:00+00:00,68.62000274658203,69.4000015258789,68.55000305175781,68.81999969482422,68.81999969482422,10800600.0
2024-07-10 00:00:00+00:00,69.08000183105469,69.48999786376953,68.55999755859375,69.47000122070312,69.47000122070312,6900000.0
2024-07-11 00:00:00+00:00,69.81999969482422,70.93000030517578,69.79000091552734,70.73999786376953,70.73999786376953,14883200.0
2024-07-12 00:00:00+00:00,70.98999786376953,71.72000122070312,70.68000030517578,71.26000213623047,71.26000213623047,8262100.0
2024-07-15 00:00:00+00:00,70.45999908447266,70.68000030517578,69.41999816894531,69.52999877929688,69.52999877929688,14913800.0
2024-07-16 00:00:00+00:00,69.94999694824219,70.19000244140625,69.73999786376953,70.06999969482422,70.06999969482422,7504600.0
2024-07-17 00:00:00+00:00,70.0,71.0,69.81999969482422,70.11000061035156,70.11000061035156,13758000.0
2024-07-18 00:00:00+00:00,70.0199966430664,70.7300033569336,69.93000030517578,70.05000305175781,70.05000305175781,6771300.0
2024-07-19 00:00:00+00:00,70.18000030517578,70.3499984741211,69.70999908447266,70.12999725341797,70.12999725341797,6492700.0
2024-07-22 00:00:00+00:00,70.5,70.87999725341797,70.26000213623047,70.72000122070312,70.72000122070312,6482700.0
2024-07-23 00:00:00+00:00,70.58000183105469,70.70999908447266,70.2300033569336,70.27999877929688,70.27999877929688,6343200.0
2024-07-24 00:00:00+00:00,70.77999877929688,71.3499984741211,70.3499984741211,71.06999969482422,71.06999969482422,12642400.0
2024-07-25 00:00:00+00:00,71.4000015258789,71.77999877929688,70.18000030517578,70.4800033569336,70.4800033569336,13333000.0
2024-07-26 00:00:00+00:00,71.04000091552734,71.30999755859375,70.77999877929688,71.16999816894531,71.16999816894531,8353200.0
2024-07-29 00:00:00+00:00,71.44000244140625,71.72000122070312,70.86000061035156,71.48999786376953,71.48999786376953,7575600.0
2024-07-30 00:00:00+00:00,71.41000366210938,71.91999816894531,71.26000213623047,71.86000061035156,71.86000061035156,8348200.0
2024-07-31 00:00:00+00:00,72.87000274658203,72.94999694824219,72.08999633789062,72.79000091552734,72.79000091552734,10882700.0
2024-08-01 00:00:00+00:00,72.93000030517578,74.19999694824219,72.83999633789062,74.0999984741211,74.0999984741211,16283700.0
2024-08-02 00:00:00+00:00,75.04000091552734,75.55999755859375,73.20999908447266,74.22000122070312,74.22000122070312,24128600.0
2024-08-05 00:00:00+00:00,74.61000061035156,74.61000061035156,72.18000030517578,72.26000213623047,72.26000213623047,20549900.0
2024-08-06 00:00:00+00:00,72.54000091552734,73.70999908447266,72.48999786376953,72.87000274658203,72.87000274658203,14643200.0
2024-08-07 00:00:00+00:00,73.47000122070312,74.13999938964844,73.0,73.27999877929688,73.27999877929688,12379400.0
2024-08-08 00:00:00+00:00,73.0,73.80999755859375,72.79000091552734,73.36000061035156,73.36000061035156,11680200.0
2024-08-09 00:00:00+00:00,73.54000091552734,73.70999908447266,72.3499984741211,73.61000061035156,73.61000061035156,8354200.0
2024-08-12 00:00:00+00:00,73.62999725341797,73.7699966430664,73.19000244140625,73.73999786376953,73.73999786376953,7513500.0
2024-08-13 00:00:00+00:00,74.05000305175781,74.23999786376953,73.72000122070312,74.16999816894531,74.16999816894531,8537500.0
2024-08-14 00:00:00+00:00,74.0,74.55999755859375,73.56999969482422,74.12000274658203,74.12000274658203,8083000.0
2024-08-15 00:00:00+00:00,73.69000244140625,74.33000183105469,73.44000244140625,74.11000061035156,74.11000061035156,9403800.0
2024-08-16 00:00:00+00:00,74.19000244140625,74.69000244140625,73.87000274658203,74.44000244140625,74.44000244140625,6761400.0
2024-08-19 00:00:00+00:00,74.51000213623047,74.9800033569336,74.44999694824219,74.93000030517578,74.93000030517578,5752700.0
2024-08-20 00:00:00+00:00,74.93000030517578,75.18000030517578,74.69000244140625,74.7699966430664,74.7699966430664,7994900.0
2024-08-21 00:00:00+00:00,74.87999725341797,75.52999877929688,74.77999877929688,75.30000305175781,75.30000305175781,6725900.0
2024-08-22 00:00:00+00:00,75.37999725341797,75.54000091552734,74.91000366210938,75.20999908447266,75.20999908447266,7322000.0
